0 0.501409 0.410956 0.996054 0.645093
2 0.491826 0.625000 0.937430 0.746616
4 0.520575 0.698604 0.742390 0.596870
5 0.275366 0.473139 0.040023 0.067259
5 0.231962 0.461717 0.054679 0.047800
5 0.163191 0.481176 0.078354 0.033418
5 0.194476 0.447758 0.018038 0.030034
5 0.176156 0.449450 0.027621 0.027496
5 0.138106 0.526227 0.046223 0.048223
5 0.166855 0.514382 0.039459 0.036379
5 0.341319 0.536379 0.061443 0.040609
5 0.304679 0.549069 0.040023 0.054992
5 0.174746 0.557107 0.068771 0.026227
5 0.189121 0.582487 0.065953 0.045685
5 0.330891 0.594120 0.060879 0.050338
5 0.280440 0.647843 0.094138 0.036802
5 0.340192 0.634518 0.071590 0.034687
5 0.334555 0.683799 0.064825 0.041878
5 0.373168 0.688663 0.054115 0.046531
5 0.294250 0.700085 0.089064 0.048223
5 0.254510 0.710237 0.050169 0.056684
5 0.273393 0.752961 0.055242 0.053299
5 0.530722 0.447124 0.100902 0.037225
5 0.693067 0.493020 0.072717 0.052030
5 0.705468 0.519036 0.079481 0.023689
5 0.655862 0.532572 0.059188 0.041455
5 0.593574 0.472927 0.064262 0.054992
5 0.607666 0.440144 0.037204 0.038494
5 0.627396 0.461294 0.036077 0.062183
5 0.524521 0.490905 0.064825 0.046954
5 0.601747 0.523477 0.037768 0.041878
5 0.511556 0.554780 0.052424 0.053723
5 0.473506 0.600042 0.059752 0.039340
5 0.457723 0.622250 0.050733 0.041455
5 0.520575 0.644670 0.099775 0.043147
5 0.604848 0.649746 0.071026 0.038917
5 0.438275 0.722081 0.053551 0.071912
5 0.498309 0.855118 0.073281 0.036802
5 0.549042 0.914340 0.050733 0.071489
5 0.425310 0.826354 0.079481 0.036802
