0 0.458005 0.569162 0.914882 0.787225
2 0.449267 0.644247 0.897407 0.623519
3 0.390643 0.442893 0.145434 0.189509
4 0.460823 0.727580 0.839346 0.411168
5 0.611612 0.402073 0.077790 0.041032
5 0.564825 0.442047 0.083427 0.045685
5 0.589910 0.508037 0.087373 0.048223
5 0.658963 0.491751 0.056370 0.037648
5 0.615558 0.608080 0.077790 0.045262
5 0.569335 0.645939 0.078918 0.035533
5 0.608512 0.708333 0.068207 0.049492
5 0.691094 0.720601 0.096956 0.062183
5 0.585400 0.679569 0.069335 0.037648
5 0.500564 0.673435 0.065389 0.054992
5 0.550733 0.710871 0.046223 0.044416
5 0.611048 0.773900 0.076663 0.074873
5 0.677001 0.796531 0.047351 0.036379
5 0.730271 0.847716 0.088501 0.036379
5 0.667700 0.889171 0.064825 0.070220
5 0.642052 0.929146 0.095829 0.029188
5 0.604284 0.861252 0.077790 0.069374
5 0.641770 0.858503 0.040023 0.042724
5 0.529876 0.760152 0.063134 0.058376
5 0.573844 0.802030 0.072153 0.045685
5 0.425028 0.951354 0.060879 0.049069
5 0.195885 0.840525 0.121195 0.043147
5 0.041150 0.752750 0.049605 0.063875
5 0.356257 0.707910 0.092446 0.041032
5 0.308343 0.656726 0.104848 0.050338
5 0.231680 0.728003 0.067644 0.066836
5 0.128523 0.572758 0.081172 0.036379
5 0.267475 0.546954 0.073844 0.032149
5 0.351184 0.489425 0.091319 0.033841
5 0.347802 0.506980 0.093574 0.032572
5 0.305524 0.516286 0.064262 0.041878
5 0.168264 0.485829 0.059188 0.030880
5 0.243236 0.454103 0.043405 0.033418
5 0.287768 0.480964 0.042277 0.027919
5 0.178974 0.448604 0.065953 0.035956
5 0.180383 0.412437 0.082300 0.029611
5 0.222943 0.397420 0.074972 0.031726
5 0.242108 0.416032 0.064825 0.024112
5 0.323563 0.407783 0.049605 0.030457
5 0.292559 0.416244 0.038331 0.067682
