0 0.420237 0.296320 0.348929 0.310068
2 0.630778 0.655245 0.724915 0.687817
4 0.642897 0.669628 0.495490 0.620135
4 0.912063 0.309645 0.175874 0.076988
5 0.469560 0.406726 0.042841 0.014805
5 0.462514 0.420051 0.042277 0.016920
5 0.514656 0.432530 0.040586 0.012267
5 0.537204 0.437183 0.016911 0.013959
5 0.547069 0.469543 0.026494 0.013536
5 0.581172 0.464679 0.031567 0.015651
5 0.520011 0.497250 0.019729 0.015651
5 0.540304 0.510998 0.031003 0.018613
5 0.562852 0.507614 0.019729 0.017766
5 0.589910 0.523900 0.036640 0.021574
5 0.486753 0.530034 0.029876 0.016920
5 0.460541 0.512267 0.031567 0.017766
5 0.443630 0.527707 0.046223 0.017343
5 0.505073 0.561125 0.028185 0.016497
5 0.559188 0.580161 0.031567 0.032572
5 0.521139 0.589679 0.020857 0.014382
5 0.428129 0.606599 0.036640 0.021997
5 0.478579 0.644247 0.032694 0.021151
5 0.617531 0.617809 0.027621 0.015651
5 0.519448 0.690144 0.044532 0.025804
5 0.483653 0.690567 0.033822 0.023266
5 0.541995 0.671743 0.015220 0.022843
5 0.746900 0.581007 0.050733 0.014805
5 0.702086 0.575508 0.037768 0.015651
5 0.702931 0.601734 0.036077 0.021574
5 0.763247 0.639171 0.028185 0.019459
5 0.735344 0.647420 0.023112 0.020728
5 0.750282 0.659264 0.029312 0.013959
5 0.765784 0.680415 0.038895 0.027496
5 0.740981 0.695854 0.027621 0.021151
5 0.817926 0.893401 0.052988 0.037225
5 0.771421 0.887690 0.032131 0.036802
5 0.784386 0.819374 0.017475 0.031303
5 0.588219 0.856387 0.038895 0.031726
5 0.496054 0.894670 0.036077 0.029611
5 0.539459 0.927030 0.040586 0.044416
5 0.828072 0.945431 0.038331 0.046531
5 0.928692 0.319162 0.023112 0.030880
5 0.919673 0.350888 0.025366 0.028342
5 0.872041 0.378807 0.029312 0.019036
5 0.834273 0.395305 0.022548 0.014805
5 0.839910 0.452411 0.021421 0.010575
5 0.831736 0.463198 0.018602 0.016074
5 0.705750 0.456218 0.020293 0.010575
5 0.659245 0.480964 0.014092 0.010152
