0 0.490135 0.337986 0.383878 0.381557
0 0.541995 0.676607 0.325254 0.220389
2 0.572999 0.609983 0.396280 0.780034
4 0.579481 0.614636 0.298760 0.758883
5 0.585400 0.297377 0.016347 0.028765
5 0.568489 0.348139 0.019729 0.012690
5 0.575536 0.366117 0.022548 0.012267
5 0.590192 0.362521 0.014656 0.010998
5 0.584555 0.383460 0.025930 0.020728
5 0.578354 0.411591 0.020293 0.024535
5 0.627678 0.446489 0.037768 0.023266
5 0.532413 0.456007 0.017475 0.027919
5 0.532694 0.497673 0.034949 0.027496
5 0.525930 0.481810 0.022548 0.016920
5 0.614713 0.647208 0.038895 0.013536
5 0.567080 0.704738 0.041714 0.018613
5 0.538613 0.748096 0.033258 0.024112
5 0.498591 0.664129 0.016347 0.024535
5 0.459414 0.679992 0.016911 0.023266
5 0.438275 0.737098 0.038895 0.033418
5 0.547914 0.797800 0.027057 0.017766
5 0.601466 0.807741 0.019166 0.021574
5 0.600056 0.871616 0.029876 0.018190
5 0.580891 0.903130 0.040023 0.027073
5 0.545660 0.892555 0.020293 0.026227
5 0.613021 0.908841 0.025366 0.018190
5 0.629369 0.868232 0.025366 0.019036
5 0.609639 0.883460 0.033258 0.013959
5 0.578636 0.952411 0.015220 0.029188
5 0.606821 0.924069 0.017475 0.016497
