0 0.756769 0.302979 0.293321 0.276913
0 0.724729 0.683480 0.418773 0.400135
0 0.363718 0.723087 0.317690 0.278944
0 0.324007 0.363575 0.389892 0.406229
2 0.785650 0.367976 0.230144 0.272850
4 0.778881 0.367976 0.203971 0.255247
2 0.356949 0.729858 0.228339 0.208531
4 0.365072 0.735274 0.204874 0.193636
2 0.282040 0.378470 0.172383 0.339878
2 0.427347 0.491875 0.125451 0.109005
4 0.289711 0.375085 0.149819 0.326337
4 0.438628 0.495261 0.086643 0.102234
5 0.852888 0.292823 0.027076 0.045362
5 0.878610 0.316858 0.026173 0.041977
5 0.813177 0.317197 0.023466 0.026405
5 0.787004 0.267434 0.036101 0.020311
5 0.831679 0.264726 0.024368 0.021666
5 0.787906 0.358497 0.039711 0.016926
5 0.823105 0.359513 0.018051 0.036561
5 0.849278 0.350372 0.016245 0.033175
5 0.870939 0.410968 0.032491 0.018957
5 0.843412 0.460393 0.047834 0.028436
5 0.796029 0.488490 0.028881 0.020988
5 0.739170 0.465809 0.036101 0.035206
5 0.794675 0.432634 0.040614 0.025728
5 0.764440 0.367637 0.034296 0.027082
5 0.837996 0.417400 0.037004 0.030467
5 0.437726 0.808057 0.023466 0.035884
5 0.439531 0.766080 0.036101 0.018280
5 0.389892 0.745430 0.027076 0.031144
5 0.430957 0.655721 0.029783 0.020988
5 0.436823 0.673324 0.045126 0.015572
5 0.400271 0.671632 0.035199 0.023020
5 0.419224 0.689235 0.040614 0.018957
5 0.344314 0.690251 0.037004 0.018280
5 0.342509 0.703791 0.037004 0.015572
5 0.301895 0.719702 0.046029 0.017603
5 0.389892 0.702776 0.023466 0.023020
5 0.366877 0.658091 0.033394 0.016249
5 0.394404 0.649289 0.021661 0.016249
5 0.338899 0.652336 0.029783 0.018280
5 0.295578 0.651997 0.042419 0.018957
5 0.284296 0.668246 0.027076 0.024374
5 0.259477 0.657414 0.033394 0.023020
5 0.278430 0.690251 0.022563 0.018280
5 0.398014 0.515911 0.023466 0.037915
5 0.271209 0.528775 0.031588 0.029790
5 0.329422 0.399458 0.023466 0.029790
