0 0.518602 0.433587 0.443067 0.313029
0 0.481680 0.789763 0.802142 0.420474
2 0.587937 0.660533 0.824126 0.678934
4 0.593010 0.660956 0.741826 0.643401
5 0.604566 0.350465 0.019729 0.013113
5 0.614431 0.357234 0.024803 0.011421
5 0.621477 0.375635 0.038895 0.018613
5 0.536077 0.384095 0.023675 0.025381
5 0.516629 0.374577 0.017475 0.022420
5 0.540868 0.436337 0.025366 0.019036
5 0.606821 0.437817 0.042277 0.013536
5 0.622322 0.428934 0.016911 0.010152
5 0.673337 0.445431 0.019729 0.019459
5 0.650507 0.484560 0.055242 0.013959
5 0.621477 0.531303 0.061443 0.018613
5 0.666291 0.555626 0.050733 0.030034
5 0.537204 0.465525 0.031567 0.026650
5 0.579481 0.702623 0.087937 0.042301
5 0.674183 0.719755 0.055242 0.043570
5 0.627396 0.770305 0.063134 0.080372
5 0.715333 0.928934 0.056370 0.087986
5 0.735062 0.901227 0.056370 0.086717
5 0.676719 0.947547 0.074972 0.071066
5 0.665727 0.982234 0.063134 0.035533
