2 0.489640 0.284600 0.813514 0.362958
2 0.325676 0.673338 0.449550 0.288331
3 0.389640 0.286974 0.310811 0.333786
2 0.322523 0.668250 0.412613 0.276798
5 0.275676 0.112958 0.079279 0.045455
5 0.297297 0.290706 0.091892 0.059023
5 0.338288 0.310041 0.056757 0.039349
5 0.343243 0.187585 0.046847 0.041384
5 0.372523 0.219810 0.112613 0.040706
5 0.852703 0.305631 0.047748 0.034600
5 0.850901 0.363976 0.071171 0.078019
5 0.371622 0.591927 0.038739 0.045455
5 0.357658 0.569878 0.043243 0.035278
5 0.331532 0.612619 0.052252 0.055631
5 0.298649 0.743555 0.024324 0.055631
5 0.321622 0.756106 0.043243 0.044098
3 0.766667 0.315807 0.225225 0.280190
