0 0.515502 0.545685 0.968997 0.847716
2 0.635851 0.462986 0.728298 0.925127
4 0.673901 0.095389 0.652198 0.187394
4 0.809188 0.527707 0.381623 0.782149
5 0.721533 0.189932 0.048478 0.056684
5 0.680383 0.333968 0.034949 0.033418
5 0.834837 0.457276 0.068771 0.051607
5 0.727452 0.496827 0.053551 0.068951
5 0.776776 0.525381 0.082300 0.038071
5 0.679820 0.510998 0.056370 0.028765
5 0.703777 0.591159 0.042277 0.026650
5 0.696449 0.619924 0.059188 0.040186
5 0.761838 0.589255 0.072717 0.029611
5 0.799887 0.619078 0.040586 0.054569
5 0.774521 0.690567 0.082300 0.062183
5 0.810598 0.741117 0.060879 0.032149
5 0.741545 0.745135 0.045660 0.070643
5 0.711387 0.888325 0.114994 0.049069
6 0.392052 0.881768 0.093010 0.030034
6 0.237035 0.877538 0.102029 0.022420
6 0.320180 0.885364 0.038331 0.012690
6 0.862176 0.907360 0.025366 0.017766
5 0.725761 0.818528 0.041150 0.071066
5 0.504510 0.578469 0.047351 0.063875
