2 0.565107 0.535956 0.678129 0.708122
4 0.740699 0.552030 0.255919 0.597293
4 0.479143 0.761633 0.175874 0.148477
6 0.342728 0.867386 0.272830 0.113790
0 0.475761 0.509306 0.940248 0.917090
3 0.498309 0.440144 0.197294 0.344755
5 0.746054 0.280668 0.036640 0.052030
5 0.766629 0.379653 0.059752 0.045262
5 0.802424 0.387056 0.042277 0.042301
5 0.767475 0.485195 0.061443 0.042301
5 0.854848 0.472293 0.044532 0.034264
5 0.769729 0.537225 0.080609 0.034687
5 0.755919 0.562183 0.072153 0.055838
5 0.693348 0.593274 0.032694 0.063875
5 0.642334 0.630076 0.049042 0.023266
5 0.660090 0.599196 0.047351 0.054569
5 0.846392 0.637902 0.067080 0.072758
5 0.791714 0.631768 0.060316 0.037648
5 0.763529 0.663071 0.059188 0.063875
5 0.747745 0.740059 0.096392 0.061337
5 0.662627 0.753384 0.087373 0.027919
5 0.672492 0.731599 0.059752 0.026650
6 0.565389 0.839890 0.016911 0.019882
6 0.592446 0.854061 0.037204 0.020305
6 0.798760 0.809433 0.036077 0.037648
6 0.342446 0.786168 0.021984 0.030880
6 0.243236 0.793993 0.021984 0.016074
