0 0.460541 0.491117 0.894025 0.835025
2 0.492954 0.568316 0.984780 0.790609
4 0.750564 0.543147 0.301578 0.681895
4 0.486471 0.813240 0.344983 0.299069
4 0.227452 0.921954 0.390643 0.148477
5 0.704904 0.365482 0.045660 0.058376
5 0.715051 0.403342 0.036640 0.043570
5 0.679538 0.484137 0.037768 0.042724
5 0.739572 0.556472 0.048478 0.053723
5 0.665163 0.591794 0.057497 0.060914
5 0.611894 0.644247 0.097520 0.042301
5 0.638388 0.732657 0.044532 0.093909
5 0.798760 0.731599 0.034949 0.034264
5 0.850338 0.873519 0.043405 0.045685
6 0.241263 0.676396 0.118377 0.140440
