0 0.507328 0.457487 0.822999 0.852369
2 0.619504 0.577623 0.760992 0.844755
4 0.632469 0.583545 0.735062 0.832910
5 0.376832 0.268401 0.082864 0.048646
5 0.414036 0.451565 0.096392 0.030880
5 0.566516 0.564509 0.046223 0.040186
5 0.783540 0.582064 0.037204 0.036379
5 0.710259 0.699450 0.083427 0.028342
5 0.815953 0.816201 0.073844 0.038494
5 0.809470 0.920474 0.058625 0.039763
5 0.799887 0.881345 0.033822 0.032572
5 0.670237 0.896362 0.031567 0.024535
5 0.563698 0.899535 0.043968 0.062183
5 0.498309 0.943739 0.042841 0.038071
5 0.521984 0.822547 0.076663 0.032572
5 0.668828 0.821066 0.045660 0.026227
5 0.664318 0.708545 0.042277 0.027073
5 0.646561 0.621404 0.046223 0.032149
5 0.501127 0.644882 0.040586 0.024958
5 0.348647 0.734772 0.046787 0.029611
5 0.461387 0.475677 0.046787 0.025804
