0 0.506201 0.469966 0.987599 0.848562
2 0.518884 0.584391 0.740135 0.831218
4 0.473788 0.816624 0.644307 0.366751
4 0.785231 0.521574 0.198422 0.380711
5 0.645998 0.298012 0.029312 0.044416
5 0.670237 0.332910 0.042841 0.054992
5 0.748309 0.310702 0.042277 0.024112
5 0.755073 0.379865 0.083991 0.027919
5 0.777057 0.403976 0.070462 0.029611
5 0.727734 0.416878 0.054115 0.035956
5 0.669109 0.382826 0.086809 0.063452
5 0.669391 0.428723 0.052424 0.034264
5 0.648253 0.467428 0.098083 0.057530
5 0.746054 0.493020 0.070462 0.038494
5 0.801578 0.505499 0.030440 0.032149
5 0.813980 0.606810 0.063134 0.034264
5 0.738726 0.546108 0.045660 0.067682
5 0.702649 0.523266 0.033258 0.042301
5 0.678410 0.558799 0.038895 0.057530
5 0.642334 0.581218 0.055806 0.046531
5 0.655017 0.631557 0.057497 0.057530
5 0.750000 0.655668 0.060316 0.030457
5 0.674746 0.685279 0.087937 0.051607
5 0.649944 0.708756 0.075536 0.043570
5 0.616967 0.669416 0.053551 0.031726
5 0.728861 0.605541 0.039459 0.038494
5 0.667418 0.762479 0.069899 0.067259
5 0.737880 0.806472 0.081172 0.046108
5 0.691939 0.819162 0.083991 0.030880
5 0.781003 0.792301 0.041150 0.038917
5 0.627678 0.789340 0.056933 0.054146
5 0.689402 0.901650 0.051860 0.064721
5 0.455750 0.782360 0.042277 0.043570
5 0.464205 0.965313 0.053551 0.069374
5 0.304961 0.982657 0.046223 0.034687
