0 0.562852 0.185702 0.196731 0.206430
0 0.489853 0.708968 0.257046 0.362098
0 0.156708 0.793147 0.312289 0.412014
2 0.569335 0.571489 0.193912 0.857022
2 0.095547 0.828469 0.179820 0.339679
2 0.379369 0.934856 0.193912 0.126904
4 0.576663 0.572970 0.171364 0.838832
4 0.379651 0.943528 0.173055 0.107022
3 0.086528 0.840948 0.150507 0.308799
5 0.560034 0.441201 0.020857 0.008460
5 0.616122 0.442047 0.013529 0.009306
5 0.610203 0.465525 0.018602 0.013113
5 0.582018 0.446066 0.011838 0.008883
5 0.626550 0.439932 0.008455 0.007614
5 0.513247 0.518401 0.020857 0.006345
5 0.523675 0.524535 0.013529 0.010152
5 0.575536 0.504653 0.021421 0.010998
5 0.600338 0.515228 0.013529 0.009306
5 0.591037 0.519670 0.011838 0.013959
5 0.569617 0.516074 0.019729 0.008460
5 0.540586 0.531091 0.013529 0.009729
5 0.554679 0.455372 0.014656 0.013959
5 0.612176 0.482445 0.025930 0.013113
5 0.600338 0.482868 0.021421 0.015651
5 0.585118 0.473350 0.014656 0.008460
5 0.622604 0.656303 0.023112 0.017343
5 0.581736 0.695431 0.016911 0.019459
5 0.569053 0.682107 0.014092 0.020728
5 0.550733 0.662437 0.013529 0.018613
5 0.534949 0.678088 0.012401 0.010152
5 0.560598 0.730964 0.021984 0.009306
5 0.517475 0.856387 0.019166 0.007191
5 0.526494 0.926396 0.013529 0.023689
