0 0.336809 0.379019 0.510147 0.495770
0 0.289177 0.761210 0.251409 0.244078
2 0.530158 0.597293 0.649944 0.796108
4 0.538050 0.601311 0.616122 0.760152
5 0.281567 0.263959 0.054679 0.025381
5 0.315671 0.370981 0.057497 0.020305
5 0.412063 0.435914 0.032694 0.019036
5 0.297632 0.547800 0.031567 0.021151
5 0.408963 0.589255 0.047914 0.017766
5 0.437711 0.625423 0.020857 0.030880
5 0.401071 0.661802 0.021984 0.025804
5 0.490135 0.583122 0.031003 0.017343
5 0.503664 0.506345 0.046787 0.016074
5 0.462796 0.467005 0.025930 0.021151
5 0.478579 0.515863 0.029312 0.015651
5 0.571590 0.573181 0.038331 0.023689
5 0.567362 0.610195 0.023112 0.016497
5 0.494081 0.616963 0.016347 0.013959
5 0.574690 0.627538 0.034386 0.017343
5 0.446731 0.761633 0.045660 0.017343
5 0.486471 0.772420 0.039459 0.024535
5 0.498873 0.755288 0.033822 0.037648
5 0.445039 0.735406 0.036640 0.023266
5 0.434329 0.725465 0.033258 0.016920
5 0.452931 0.708545 0.028749 0.022843
5 0.412345 0.739636 0.018602 0.037648
5 0.398253 0.728849 0.015220 0.025381
5 0.360767 0.763748 0.019166 0.022420
5 0.337373 0.798012 0.021984 0.019036
5 0.395152 0.796954 0.025930 0.021997
5 0.336246 0.870135 0.024239 0.024535
5 0.626268 0.862098 0.042841 0.016920
5 0.671082 0.830795 0.037768 0.016920
5 0.598929 0.809010 0.027621 0.017343
5 0.852311 0.663283 0.018038 0.032995
5 0.775366 0.815990 0.031003 0.038071
5 0.761838 0.837563 0.029876 0.019459
5 0.707159 0.836083 0.032131 0.021574
5 0.722379 0.798223 0.023112 0.018613
5 0.671928 0.787860 0.021421 0.017343
5 0.661499 0.810491 0.025366 0.021151
5 0.638388 0.817682 0.019729 0.025381
5 0.541714 0.693316 0.015784 0.011844
5 0.510710 0.712986 0.019166 0.017343
5 0.556088 0.693739 0.012965 0.012690
5 0.494927 0.691201 0.016911 0.019459
