0 0.496336 0.498942 0.681511 0.865059
2 0.624295 0.592640 0.751409 0.813875
4 0.551860 0.552030 0.467869 0.726734
4 0.649662 0.877115 0.700676 0.245770
5 0.654171 0.243443 0.056933 0.030034
5 0.626550 0.282360 0.060316 0.027496
5 0.710541 0.307953 0.049042 0.040609
5 0.674183 0.299281 0.029312 0.039340
5 0.634442 0.325508 0.049042 0.024958
5 0.631060 0.339044 0.063698 0.022420
5 0.649098 0.349831 0.033258 0.021151
5 0.623168 0.390017 0.058061 0.039763
5 0.684329 0.384729 0.028185 0.022420
5 0.686866 0.417936 0.034386 0.025381
5 0.645716 0.410321 0.028749 0.024535
5 0.722097 0.470812 0.049605 0.027073
5 0.673055 0.486887 0.043968 0.043993
5 0.613867 0.438240 0.063134 0.024535
5 0.538050 0.477580 0.050169 0.029611
5 0.638106 0.515863 0.031567 0.033418
5 0.482807 0.530457 0.062570 0.039763
5 0.523393 0.552665 0.055806 0.029188
5 0.602875 0.635575 0.029876 0.040186
5 0.569617 0.698816 0.052424 0.045685
5 0.826945 0.717005 0.048478 0.048223
5 0.772830 0.707276 0.049605 0.037225
5 0.435175 0.804992 0.063134 0.021997
5 0.491826 0.879442 0.072717 0.032995
5 0.672210 0.851523 0.051297 0.027919
5 0.725197 0.924069 0.070462 0.024958
5 0.591037 0.932530 0.054679 0.032572
5 0.540304 0.952834 0.037768 0.056261
5 0.600620 0.975254 0.028749 0.047800
5 0.843010 0.922800 0.061443 0.020728
