0 0.500282 0.477580 0.999436 0.881557
2 0.496900 0.031091 0.743517 0.058799
4 0.520011 0.028553 0.662345 0.056261
2 0.790586 0.526650 0.357948 0.689509
4 0.802988 0.541878 0.283540 0.635364
2 0.517193 0.343063 0.149380 0.218274
3 0.522266 0.350042 0.117813 0.202623
4 0.393179 0.697970 0.462796 0.326565
5 0.803833 0.293782 0.075536 0.051184
5 0.788331 0.328046 0.059188 0.034264
5 0.767475 0.347927 0.055806 0.045262
5 0.822435 0.378807 0.073281 0.036802
5 0.855411 0.419628 0.044532 0.046531
5 0.787768 0.492174 0.102029 0.050338
5 0.844419 0.564086 0.110485 0.047800
5 0.745772 0.584179 0.112740 0.034687
5 0.781849 0.715313 0.047351 0.058376
5 0.692221 0.487944 0.076663 0.030034
5 0.705750 0.438452 0.046223 0.060491
5 0.748873 0.407360 0.047914 0.056684
5 0.664600 0.454949 0.038331 0.035956
5 0.655581 0.434433 0.059752 0.031303
5 0.680383 0.419839 0.022548 0.024958
5 0.492390 0.689932 0.068207 0.085448
5 0.489008 0.623942 0.071590 0.061760
5 0.356539 0.750000 0.074972 0.045685
6 0.493517 0.830584 0.227170 0.068105
6 0.292559 0.809010 0.272830 0.099408
6 0.204340 0.849408 0.029876 0.013536
6 0.148253 0.847716 0.126268 0.040609
6 0.264374 0.863579 0.033822 0.012267
