2 0.690812 0.495558 0.536077 0.754230
4 0.764656 0.531937 0.387260 0.684010
2 0.823563 0.938029 0.352875 0.123942
4 0.849775 0.943316 0.285795 0.099831
5 0.684611 0.245558 0.036640 0.052876
5 0.771139 0.311548 0.060879 0.041032
5 0.796787 0.360406 0.098647 0.035533
5 0.732244 0.342005 0.039459 0.040186
5 0.808625 0.327623 0.049042 0.035956
5 0.749154 0.376481 0.050733 0.039763
5 0.687993 0.382614 0.036640 0.031726
5 0.675874 0.486464 0.091319 0.079526
5 0.658399 0.466371 0.046223 0.031726
5 0.811161 0.474619 0.090192 0.035533
5 0.878241 0.443316 0.036077 0.068528
5 0.889515 0.543782 0.086809 0.040186
5 0.753664 0.515440 0.098083 0.031726
5 0.729707 0.566624 0.080609 0.054569
5 0.733089 0.547589 0.043405 0.030034
5 0.647971 0.552876 0.080609 0.048223
5 0.657272 0.590948 0.091319 0.049915
5 0.702931 0.625635 0.046223 0.032149
5 0.827227 0.610406 0.093010 0.038917
5 0.793687 0.763113 0.090192 0.059222
5 0.724352 0.799281 0.051860 0.077411
6 0.704340 0.896997 0.058061 0.042724
6 0.825536 0.845178 0.080609 0.059222
6 0.351466 0.775169 0.293687 0.145093
0 0.500282 0.457064 0.999436 0.913283
