0 0.177001 0.169416 0.331454 0.321912
0 0.731398 0.578680 0.260992 0.380711
0 0.728861 0.243655 0.139797 0.114213
2 0.179538 0.474408 0.300451 0.409898
4 0.207159 0.463621 0.221533 0.345178
2 0.550169 0.365059 0.458850 0.091371
2 0.577508 0.365694 0.404171 0.082487
5 0.267475 0.447758 0.023112 0.009729
5 0.189684 0.316201 0.025366 0.012267
5 0.211105 0.346658 0.026494 0.011421
5 0.224634 0.375423 0.010710 0.008037
5 0.233089 0.371616 0.015220 0.008037
5 0.164318 0.391920 0.025366 0.013113
5 0.192221 0.391286 0.024803 0.012690
5 0.210823 0.388113 0.012401 0.009729
5 0.216178 0.397631 0.018602 0.013536
5 0.232807 0.411591 0.022548 0.016920
5 0.219278 0.437394 0.014656 0.015228
5 0.147971 0.433376 0.033258 0.016497
5 0.228861 0.455795 0.019166 0.008883
5 0.246618 0.451354 0.015220 0.009306
5 0.250282 0.440144 0.016911 0.010575
5 0.267475 0.473773 0.016347 0.008460
5 0.262401 0.490694 0.021984 0.012690
5 0.189684 0.481599 0.028749 0.013113
5 0.150225 0.478849 0.026494 0.014382
5 0.154171 0.458122 0.011838 0.007614
5 0.136697 0.556684 0.017475 0.010998
5 0.151917 0.593697 0.026494 0.012267
5 0.225197 0.626692 0.019729 0.013113
5 0.255073 0.564721 0.020857 0.009306
5 0.277339 0.530034 0.012401 0.008460
5 0.446731 0.352157 0.021984 0.008037
5 0.570744 0.369501 0.009583 0.014805
5 0.698703 0.360829 0.016347 0.009306
5 0.716742 0.362310 0.015220 0.009729
5 0.752255 0.366117 0.020857 0.010575
5 0.677001 0.382403 0.016911 0.010998
5 0.690530 0.347504 0.007892 0.010575
5 0.712232 0.343063 0.010710 0.008460
5 0.696449 0.346235 0.007328 0.009729
5 0.755355 0.223773 0.020293 0.016920
5 0.736189 0.236041 0.015784 0.006768
5 0.753946 0.250846 0.019729 0.009306
5 0.740135 0.262056 0.015784 0.008037
5 0.736753 0.244712 0.013529 0.012267
1 0.231962 0.126904 0.158399 0.115059
1 0.764938 0.718274 0.118377 0.061760
