0 0.408963 0.433587 0.607103 0.708122
0 0.862740 0.519670 0.274521 0.449662
1 0.870631 0.387902 0.179820 0.077834
2 0.498873 0.547589 0.547914 0.726311
4 0.513247 0.549281 0.524803 0.703469
2 0.867249 0.759729 0.244081 0.077834
4 0.872886 0.758672 0.213641 0.068105
5 0.575254 0.267343 0.038895 0.041455
5 0.612176 0.284687 0.042841 0.018613
5 0.564825 0.294416 0.045096 0.019459
5 0.605975 0.326354 0.048478 0.026650
5 0.663754 0.416667 0.040023 0.023689
5 0.660654 0.438452 0.057497 0.022420
5 0.567926 0.416032 0.042277 0.022420
5 0.489008 0.435068 0.037768 0.030880
5 0.353157 0.442470 0.040023 0.027919
5 0.401635 0.420685 0.052424 0.027496
5 0.474634 0.477157 0.042841 0.032995
5 0.577790 0.456641 0.047351 0.035956
5 0.651353 0.494501 0.045660 0.026227
5 0.422210 0.560491 0.052988 0.022843
5 0.589064 0.610829 0.039459 0.026227
5 0.556652 0.641709 0.062570 0.026227
5 0.491545 0.752538 0.073281 0.029611
5 0.365840 0.809645 0.072153 0.041455
5 0.400789 0.891074 0.032694 0.058799
5 0.513529 0.805838 0.034949 0.052453
5 0.604284 0.797377 0.033822 0.054146
5 0.657554 0.796743 0.049042 0.039340
5 0.731116 0.835871 0.043968 0.032149
5 0.465614 0.892978 0.048478 0.027073
5 0.724352 0.548858 0.039459 0.024958
