2 0.494081 0.499154 0.987035 0.997462
4 0.486189 0.493232 0.961105 0.978849
5 0.405581 0.025804 0.109921 0.046531
5 0.237317 0.076565 0.042841 0.060914
5 0.756483 0.137902 0.113867 0.046531
5 0.344701 0.237310 0.077227 0.071912
5 0.290304 0.399112 0.065389 0.035110
5 0.819899 0.678511 0.102029 0.065144
5 0.782694 0.732022 0.059188 0.112944
5 0.825817 0.793993 0.066516 0.103215
5 0.302424 0.667724 0.052424 0.041032
5 0.633878 0.511210 0.073844 0.068951
5 0.550169 0.493443 0.065389 0.052876
5 0.308061 0.510787 0.087373 0.040186
5 0.254228 0.601311 0.095829 0.063875
5 0.232525 0.740059 0.099775 0.046108
5 0.532131 0.924492 0.103720 0.074873
