0 0.492954 0.495558 0.745772 0.928511
2 0.509301 0.560279 0.610485 0.879442
4 0.500564 0.573816 0.556933 0.842217
5 0.642616 0.248942 0.031567 0.029188
5 0.614994 0.256345 0.040586 0.032995
5 0.624859 0.277284 0.035513 0.028342
5 0.667136 0.255288 0.028749 0.025804
5 0.628805 0.299704 0.045660 0.035110
5 0.722943 0.304357 0.047914 0.031726
5 0.627678 0.332276 0.028749 0.035110
5 0.645716 0.396997 0.055806 0.034264
5 0.709696 0.431049 0.031567 0.043993
5 0.481680 0.379653 0.062570 0.015651
5 0.722943 0.504865 0.065953 0.024112
5 0.612740 0.503807 0.025930 0.043993
5 0.720688 0.545474 0.052424 0.019036
5 0.606539 0.559010 0.054115 0.032572
5 0.668264 0.573604 0.034386 0.041455
5 0.578918 0.491963 0.041714 0.021997
5 0.596392 0.502538 0.034949 0.028765
5 0.642052 0.506134 0.036077 0.018190
5 0.560598 0.583545 0.026494 0.039340
5 0.573563 0.668147 0.047914 0.035956
5 0.654735 0.728003 0.051297 0.038071
5 0.686866 0.699450 0.032131 0.024112
5 0.569053 0.748942 0.036640 0.017343
5 0.519166 0.691201 0.027057 0.034687
5 0.498027 0.622250 0.021984 0.015228
5 0.405299 0.725042 0.057497 0.038917
5 0.436584 0.776861 0.045660 0.032572
5 0.486189 0.787225 0.037768 0.021151
5 0.634442 0.847927 0.069335 0.026650
5 0.526212 0.741540 0.028749 0.018613
5 0.505355 0.749365 0.025366 0.024958
5 0.495490 0.716159 0.022548 0.032995
5 0.226325 0.922166 0.050169 0.028765
5 0.296787 0.924069 0.047914 0.021574
5 0.370068 0.941836 0.028749 0.023266
5 0.348365 0.973350 0.055242 0.041455
5 0.326381 0.852792 0.060879 0.033841
5 0.245490 0.983926 0.050169 0.032149
