0 0.572435 0.496827 0.855130 0.988579
2 0.637260 0.523900 0.725479 0.820220
4 0.642334 0.529611 0.696167 0.785956
5 0.813980 0.191624 0.033822 0.071066
5 0.866122 0.252750 0.055806 0.035110
5 0.822999 0.292301 0.094701 0.070220
5 0.768038 0.298435 0.065953 0.077411
5 0.795941 0.418147 0.052988 0.075719
5 0.783540 0.489636 0.095829 0.078257
5 0.681229 0.504442 0.067080 0.067259
5 0.752255 0.588198 0.086246 0.079949
5 0.712796 0.590736 0.035513 0.086717
5 0.748027 0.718063 0.054115 0.058799
5 0.787486 0.734349 0.049605 0.047377
5 0.661499 0.701777 0.083991 0.038071
5 0.527339 0.596024 0.060316 0.031303
5 0.873732 0.774323 0.094701 0.052030
5 0.935175 0.708122 0.096956 0.048223
5 0.826663 0.634729 0.037768 0.064721
5 0.543968 0.739636 0.022548 0.067259
