0 0.510992 0.463409 0.599211 0.925973
2 0.547914 0.524535 0.538895 0.950931
4 0.570462 0.575508 0.473506 0.848985
5 0.652762 0.110618 0.052988 0.019882
5 0.657554 0.124154 0.041150 0.016497
5 0.620349 0.182318 0.045660 0.024535
5 0.654171 0.219120 0.035513 0.043147
5 0.605975 0.285110 0.040586 0.033841
5 0.696449 0.322335 0.032131 0.014382
5 0.517193 0.362310 0.047914 0.035956
5 0.455468 0.332487 0.039459 0.039763
5 0.679820 0.392132 0.047351 0.024535
5 0.733089 0.474619 0.052424 0.016074
5 0.654171 0.505922 0.031003 0.033841
5 0.647407 0.522843 0.059188 0.015228
5 0.491826 0.549915 0.050169 0.033841
5 0.447858 0.514805 0.059188 0.025381
