0 0.473224 0.359349 0.431229 0.709391
0 0.567080 0.802876 0.264938 0.215736
2 0.527621 0.521574 0.312289 0.797800
4 0.528185 0.592428 0.273957 0.662014
5 0.583991 0.144670 0.030440 0.019459
5 0.588782 0.127115 0.023112 0.021574
5 0.538895 0.140440 0.031567 0.015228
5 0.565671 0.159898 0.037768 0.021151
5 0.540586 0.201354 0.037204 0.026227
5 0.578072 0.206218 0.029876 0.019882
5 0.598365 0.215736 0.027621 0.012690
5 0.524239 0.254230 0.031567 0.020305
5 0.583427 0.335660 0.024803 0.011421
5 0.618658 0.321277 0.021984 0.019036
5 0.571590 0.532995 0.014656 0.027919
5 0.576945 0.505076 0.014092 0.019459
5 0.465896 0.618232 0.029876 0.012267
5 0.481398 0.604061 0.020293 0.021997
5 0.475197 0.653130 0.016911 0.030457
5 0.556370 0.632614 0.025930 0.018190
5 0.459132 0.684856 0.035513 0.027073
