0 0.511274 0.495347 0.633596 0.989848
2 0.514092 0.540609 0.471251 0.918782
4 0.542277 0.547589 0.476888 0.904822
5 0.614713 0.184856 0.047914 0.039763
5 0.593574 0.187394 0.049605 0.045685
5 0.546787 0.233080 0.059752 0.031303
5 0.689966 0.316413 0.046223 0.021151
5 0.555242 0.400169 0.060879 0.028765
5 0.512120 0.399535 0.052424 0.019036
5 0.695321 0.403342 0.059188 0.022420
5 0.652480 0.430415 0.026494 0.029188
5 0.707723 0.456430 0.033258 0.024535
5 0.704059 0.501692 0.033822 0.032149
5 0.562570 0.567047 0.034949 0.045262
5 0.528185 0.638113 0.049605 0.026650
5 0.430383 0.711717 0.070462 0.033418
5 0.531567 0.924281 0.054115 0.044839
5 0.604284 0.940567 0.048478 0.034264
