0 0.517193 0.342217 0.952086 0.670897
2 0.424183 0.635998 0.760428 0.704315
5 0.297632 0.434645 0.078918 0.035110
5 0.368940 0.408206 0.073844 0.028765
5 0.275085 0.477792 0.024803 0.047800
5 0.410936 0.458756 0.034949 0.027496
5 0.391770 0.436548 0.025930 0.031303
5 0.591037 0.411379 0.060316 0.032572
5 0.638106 0.409052 0.045096 0.036379
5 0.681229 0.388748 0.025366 0.032995
5 0.732244 0.411168 0.039459 0.054146
5 0.741826 0.450719 0.103720 0.035110
5 0.742108 0.474831 0.073844 0.030034
5 0.630778 0.446066 0.047351 0.029188
5 0.765784 0.520728 0.072717 0.062606
5 0.593856 0.530457 0.053551 0.055838
5 0.407272 0.525381 0.032131 0.059222
5 0.420237 0.583122 0.059188 0.051184
5 0.333709 0.582487 0.046223 0.054992
5 0.364149 0.545897 0.058625 0.033418
5 0.379369 0.584179 0.030440 0.038917
5 0.248027 0.538071 0.025930 0.034687
5 0.282694 0.545051 0.045660 0.038494
5 0.468997 0.673435 0.102593 0.041455
5 0.292559 0.679569 0.063134 0.033418
5 0.169391 0.709391 0.083991 0.055838
5 0.498027 0.751692 0.080609 0.047377
5 0.281849 0.896151 0.038331 0.050338
5 0.578354 0.842428 0.069899 0.030880
5 0.593574 0.704526 0.031567 0.077411
5 0.644870 0.604907 0.096956 0.042301
5 0.648253 0.644247 0.048478 0.057530
5 0.695039 0.650169 0.054115 0.034687
5 0.659245 0.779188 0.050169 0.042301
5 0.670519 0.952623 0.062570 0.048223
