0 0.500000 0.480118 0.965051 0.906091
2 0.615558 0.526015 0.597520 0.744078
4 0.757046 0.579526 0.264938 0.609137
4 0.427283 0.950931 0.669673 0.094755
4 0.492954 0.809856 0.308343 0.142555
5 0.792277 0.411802 0.093010 0.028342
5 0.776494 0.382826 0.061443 0.036379
5 0.711669 0.371404 0.083991 0.048223
5 0.739290 0.444797 0.077227 0.041032
5 0.734780 0.480118 0.051297 0.038917
5 0.748591 0.537860 0.059752 0.082487
5 0.692785 0.531303 0.100338 0.052453
5 0.792277 0.592640 0.097520 0.039763
5 0.788050 0.658841 0.051860 0.068951
5 0.841037 0.651227 0.058625 0.065567
5 0.820180 0.688029 0.062007 0.033418
5 0.738726 0.667090 0.050169 0.028765
5 0.704622 0.642766 0.081172 0.035110
5 0.648534 0.670897 0.043405 0.054992
5 0.735344 0.840948 0.107666 0.038917
5 0.479143 0.785956 0.056370 0.077834
5 0.363867 0.864636 0.052424 0.081218
5 0.723788 0.903553 0.058625 0.046531
