2 0.515794 0.618822 0.928700 0.755586
4 0.529783 0.722410 0.765343 0.526743
5 0.361462 0.255924 0.083935 0.055518
5 0.547834 0.245091 0.019856 0.044685
5 0.522112 0.244753 0.022563 0.045362
5 0.571300 0.346310 0.030686 0.062965
5 0.536552 0.343602 0.037004 0.064320
5 0.273466 0.533175 0.052347 0.030467
5 0.225632 0.537238 0.034296 0.023697
5 0.221570 0.579553 0.027978 0.029790
5 0.345668 0.547393 0.028881 0.041300
5 0.386733 0.562965 0.055054 0.027759
5 0.505415 0.519634 0.079422 0.033175
5 0.462545 0.592417 0.071300 0.025728
5 0.396661 0.717332 0.056859 0.030467
5 0.428700 0.648612 0.039711 0.021666
5 0.242329 0.661476 0.027978 0.025728
5 0.215704 0.665877 0.030686 0.030467
5 0.856949 0.566012 0.044224 0.044685
5 0.780686 0.626608 0.048736 0.058903
5 0.753159 0.627962 0.069495 0.037238
5 0.694495 0.659783 0.033394 0.046716
5 0.662004 0.720041 0.053249 0.041300
5 0.678249 0.703114 0.024368 0.025051
5 0.629964 0.769465 0.048736 0.035884
5 0.696751 0.903182 0.039711 0.020311
5 0.671029 0.859851 0.038809 0.017603
5 0.767148 0.797563 0.061372 0.023020
