0 0.488444 0.424704 0.815671 0.669205
2 0.493236 0.619289 0.667418 0.761421
4 0.489572 0.654822 0.639797 0.688663
5 0.396561 0.429569 0.081736 0.027496
5 0.747745 0.372462 0.054679 0.029188
5 0.688557 0.408418 0.037768 0.040186
5 0.694194 0.441201 0.061443 0.046531
5 0.766911 0.453892 0.073844 0.035533
5 0.669391 0.508037 0.044532 0.035533
5 0.541150 0.534052 0.046223 0.066413
5 0.701522 0.560491 0.058061 0.035533
5 0.667982 0.675127 0.046223 0.029611
5 0.523112 0.600888 0.042841 0.031726
5 0.693067 0.514594 0.062570 0.034264
5 0.673901 0.651650 0.094138 0.030880
5 0.699549 0.796108 0.091319 0.043147
5 0.687993 0.819797 0.044532 0.032149
5 0.622886 0.773266 0.065389 0.051607
5 0.548196 0.854484 0.061443 0.049069
