0 0.540868 0.471447 0.857384 0.874365
2 0.633315 0.582064 0.646561 0.818105
4 0.689684 0.674069 0.496618 0.638325
5 0.724915 0.269036 0.029312 0.030457
5 0.760710 0.222081 0.035513 0.022843
5 0.745772 0.299704 0.039459 0.036802
5 0.712232 0.362944 0.052424 0.051607
5 0.774521 0.328046 0.027057 0.038494
5 0.679538 0.425550 0.027621 0.054992
5 0.750000 0.434856 0.058061 0.031303
5 0.749436 0.458968 0.071590 0.022843
5 0.595265 0.431049 0.057497 0.021997
5 0.572999 0.487310 0.042277 0.021151
5 0.682074 0.536379 0.054115 0.025381
5 0.635851 0.537437 0.034949 0.024112
5 0.666855 0.553723 0.048478 0.021151
5 0.702368 0.545474 0.042841 0.028342
5 0.660372 0.587986 0.063698 0.023689
5 0.602311 0.597927 0.069335 0.029188
5 0.501973 0.575296 0.056933 0.022843
5 0.489572 0.626692 0.055806 0.048646
5 0.586246 0.650381 0.076663 0.022420
5 0.730271 0.695643 0.063698 0.036802
5 0.660936 0.710660 0.068207 0.032995
5 0.501409 0.735829 0.055806 0.029188
5 0.463078 0.725888 0.027621 0.025381
5 0.558061 0.732445 0.031567 0.019882
5 0.716742 0.759729 0.059188 0.030457
5 0.768320 0.767978 0.062007 0.020728
5 0.745772 0.738579 0.040586 0.032995
5 0.621759 0.846658 0.062007 0.029188
5 0.572435 0.852369 0.052424 0.025381
5 0.465333 0.909264 0.053551 0.017343
5 0.529876 0.926819 0.023675 0.016920
5 0.514092 0.977369 0.060879 0.024958
5 0.558343 0.958545 0.049042 0.014382
5 0.581172 0.986887 0.034949 0.023689
