0 0.531567 0.496404 0.931229 0.909898
2 0.768884 0.557953 0.359639 0.701354
4 0.789741 0.572335 0.282976 0.659052
4 0.410936 0.877538 0.500564 0.117174
5 0.808343 0.478638 0.066516 0.041032
5 0.851747 0.483080 0.036077 0.033841
5 0.682920 0.558376 0.073844 0.044839
5 0.789741 0.559856 0.060879 0.030034
5 0.719560 0.662648 0.037768 0.037648
5 0.757610 0.665821 0.033822 0.036379
5 0.835400 0.701988 0.062007 0.036802
5 0.759301 0.714467 0.071026 0.032995
5 0.584273 0.871193 0.088501 0.096870
5 0.966460 0.919205 0.067080 0.082064
5 0.432356 0.869924 0.099211 0.064721
5 0.455750 0.661379 0.091883 0.052030
5 0.363303 0.653553 0.051297 0.030457
5 0.374577 0.706218 0.089628 0.046954
6 0.219560 0.816624 0.138106 0.117174
