0 0.288706 0.388670 0.312606 0.640924
0 0.471235 0.582582 0.080372 0.160654
0 0.557318 0.531285 0.098562 0.247463
0 0.650169 0.560879 0.076988 0.149944
0 0.732022 0.552142 0.097716 0.192221
1 0.367809 0.610203 0.102792 0.087373
1 0.555626 0.584273 0.055415 0.037768
1 0.549492 0.448140 0.054992 0.050733
1 0.645728 0.521139 0.030034 0.026494
1 0.650169 0.586528 0.043993 0.033258
1 0.731599 0.517756 0.027496 0.040023
2 0.497039 0.830891 0.585448 0.338219
4 0.498942 0.828072 0.557107 0.334837
5 0.356387 0.741826 0.016497 0.019166
5 0.377115 0.765502 0.020728 0.032694
5 0.355330 0.795096 0.018613 0.023112
5 0.381557 0.838219 0.019459 0.024803
5 0.460660 0.750846 0.024535 0.014656
5 0.443105 0.843856 0.013113 0.013529
5 0.437394 0.913754 0.011844 0.043968
5 0.419628 0.975197 0.017766 0.049605
5 0.444162 0.983371 0.016920 0.033258
5 0.554780 0.932356 0.010575 0.012401
5 0.539763 0.913472 0.014382 0.021984
5 0.575719 0.772548 0.011844 0.019729
