0 0.512120 0.359349 0.333145 0.244924
0 0.518320 0.675127 0.317362 0.258883
2 0.499436 0.612521 0.299887 0.627750
4 0.507328 0.593697 0.314543 0.605330
5 0.576099 0.317470 0.028185 0.011421
5 0.577227 0.326777 0.018038 0.013113
5 0.562570 0.340313 0.028185 0.016497
5 0.618095 0.381134 0.015220 0.013536
5 0.637824 0.425338 0.033258 0.016497
5 0.563416 0.400592 0.015220 0.012690
5 0.611330 0.416244 0.028749 0.018613
5 0.480552 0.452834 0.036640 0.018190
5 0.609076 0.502115 0.035513 0.012690
5 0.416009 0.472504 0.012401 0.020305
5 0.445603 0.537225 0.014092 0.025381
5 0.460259 0.565990 0.012965 0.020305
5 0.704340 0.620558 0.023112 0.015228
5 0.542277 0.656726 0.030440 0.024112
5 0.621759 0.737944 0.047351 0.028342
5 0.607666 0.762267 0.020293 0.047377
5 0.627959 0.795262 0.028185 0.050761
5 0.574126 0.717640 0.034386 0.019882
