2 0.435457 0.484772 0.866404 0.966159
4 0.347238 0.491751 0.693348 0.909052
5 0.039741 0.180415 0.078354 0.048646
5 0.160372 0.139805 0.033258 0.034264
5 0.039741 0.140228 0.056933 0.020728
5 0.039459 0.329738 0.056370 0.034264
5 0.046223 0.377961 0.040586 0.062183
5 0.057779 0.540398 0.078354 0.061337
5 0.158963 0.514171 0.076663 0.035110
5 0.660372 0.473773 0.067080 0.055838
5 0.727452 0.526015 0.074972 0.032572
5 0.741545 0.609137 0.046787 0.056684
5 0.561161 0.577200 0.064825 0.035956
5 0.614149 0.596024 0.058061 0.029611
5 0.663191 0.690567 0.055806 0.041032
5 0.595829 0.664340 0.030440 0.060491
5 0.573563 0.765651 0.045660 0.037225
5 0.501409 0.657149 0.063698 0.031726
5 0.557215 0.715102 0.032131 0.028342
5 0.538331 0.603426 0.028185 0.022420
5 0.459977 0.605753 0.046223 0.031303
5 0.394025 0.705795 0.031567 0.057953
5 0.398253 0.469332 0.047914 0.040186
5 0.413472 0.505922 0.065953 0.034687
5 0.411499 0.526650 0.041714 0.041455
5 0.353157 0.495981 0.042277 0.024958
5 0.273112 0.502538 0.035513 0.030457
5 0.305242 0.667301 0.064825 0.057953
5 0.184611 0.685702 0.060316 0.025381
5 0.213078 0.638959 0.025930 0.031726
5 0.782131 0.774112 0.062570 0.027073
