0 0.546787 0.504865 0.764374 0.911591
2 0.759301 0.820643 0.481398 0.358714
4 0.754510 0.824873 0.487599 0.344332
2 0.450395 0.528553 0.314543 0.709391
4 0.458286 0.503384 0.280722 0.642978
5 0.671082 0.228426 0.082864 0.030457
5 0.559752 0.285110 0.050733 0.047377
5 0.682920 0.365271 0.045660 0.046108
5 0.657554 0.377327 0.044532 0.035533
5 0.551297 0.432953 0.063134 0.046108
5 0.533540 0.462986 0.043405 0.049492
5 0.666573 0.435914 0.065953 0.038494
5 0.724070 0.448181 0.076099 0.019882
5 0.734216 0.493443 0.040023 0.045262
5 0.678974 0.526650 0.047914 0.032149
5 0.656426 0.576142 0.055806 0.038917
5 0.682638 0.591794 0.036077 0.033841
5 0.672492 0.633249 0.040586 0.039763
5 0.712514 0.633249 0.055242 0.020305
5 0.753664 0.744924 0.041714 0.022843
5 0.686020 0.763959 0.031567 0.036379
5 0.742108 0.785321 0.025366 0.036802
5 0.552424 0.807530 0.068771 0.019459
