0 0.506201 0.487310 0.987599 0.650592
2 0.402480 0.574873 0.578354 0.652284
4 0.415445 0.700085 0.523112 0.295262
4 0.220688 0.882191 0.382751 0.177242
5 0.317080 0.274958 0.029876 0.016074
5 0.283540 0.367386 0.049605 0.043570
5 0.334837 0.347293 0.051860 0.041455
5 0.383596 0.323181 0.023112 0.063452
5 0.298196 0.600677 0.029312 0.045685
5 0.279030 0.578680 0.024803 0.045685
5 0.266347 0.615482 0.034386 0.038917
5 0.234216 0.615271 0.027621 0.037648
5 0.330327 0.579949 0.045096 0.024535
5 0.359921 0.603638 0.045660 0.024535
5 0.312007 0.630499 0.040023 0.029188
5 0.394025 0.593909 0.031567 0.045685
5 0.410372 0.621193 0.032694 0.025804
5 0.431229 0.620135 0.028185 0.022843
5 0.398816 0.657995 0.042277 0.043570
5 0.345547 0.670685 0.028185 0.039340
5 0.319899 0.718274 0.024239 0.037225
5 0.465614 0.800338 0.062007 0.026227
5 0.570180 0.806684 0.017475 0.035533
5 0.504510 0.618020 0.057497 0.024535
5 0.545096 0.608926 0.042841 0.031726
5 0.584837 0.590313 0.050169 0.024112
5 0.629369 0.595178 0.040023 0.019459
5 0.660936 0.590102 0.027621 0.017766
5 0.663472 0.608926 0.049605 0.021574
5 0.594138 0.613156 0.060879 0.020728
5 0.594983 0.627538 0.053551 0.013959
5 0.656990 0.633883 0.036640 0.034264
5 0.594701 0.657149 0.049605 0.037648
5 0.664600 0.697335 0.037204 0.040186
5 0.645152 0.719120 0.026494 0.021997
5 0.630496 0.690144 0.037768 0.020728
6 0.733089 0.719755 0.072717 0.069797
