0 0.503946 0.493866 0.990981 0.782149
2 0.560034 0.153765 0.879932 0.304146
4 0.578918 0.151650 0.836528 0.299915
2 0.503946 0.593274 0.781285 0.552030
4 0.468715 0.731810 0.568771 0.253807
5 0.713641 0.494501 0.027057 0.014382
5 0.745490 0.493866 0.036640 0.019882
5 0.594138 0.498731 0.031567 0.020305
5 0.679538 0.587352 0.020857 0.052030
5 0.731398 0.613367 0.021984 0.043993
5 0.549605 0.592851 0.065389 0.028342
5 0.461950 0.592428 0.073844 0.035956
5 0.687993 0.631557 0.073844 0.023689
5 0.692503 0.664763 0.069335 0.019882
5 0.728861 0.687817 0.041714 0.038917
5 0.684329 0.688240 0.063134 0.041455
5 0.635287 0.665609 0.043968 0.027496
5 0.626832 0.629442 0.029312 0.027919
5 0.668546 0.726523 0.078918 0.029188
5 0.602311 0.714044 0.044532 0.050761
5 0.591883 0.674069 0.039459 0.040186
5 0.580327 0.641286 0.063698 0.023689
5 0.543968 0.656937 0.065389 0.030457
5 0.515502 0.636210 0.050169 0.029611
5 0.474915 0.663706 0.034386 0.025381
5 0.547069 0.717217 0.051297 0.028342
5 0.472943 0.766497 0.082300 0.024535
5 0.568771 0.855118 0.036077 0.046108
5 0.531567 0.846447 0.056370 0.022843
5 0.357948 0.745135 0.073281 0.024958
5 0.404735 0.664340 0.038331 0.023266
5 0.443912 0.638113 0.040023 0.033418
5 0.434329 0.688875 0.062570 0.025804
5 0.333709 0.773477 0.063134 0.029188
5 0.286640 0.768190 0.033258 0.038917
5 0.348365 0.696489 0.075536 0.050338
5 0.960823 0.192893 0.019729 0.085448
5 0.824126 0.232868 0.039459 0.082487
5 0.527903 0.135787 0.068207 0.054146
5 0.416291 0.117809 0.062570 0.106176
5 0.427847 0.050338 0.055242 0.043993
