2 0.497463 0.612521 0.956595 0.584602
0 0.501973 0.558587 0.994927 0.763536
3 0.411781 0.628384 0.743517 0.491963
5 0.264938 0.526438 0.034949 0.035110
3 0.293687 0.545685 0.036077 0.035533
3 0.249436 0.516709 0.024239 0.053723
3 0.200676 0.550761 0.085682 0.043993
3 0.118658 0.564509 0.049042 0.029188
3 0.177565 0.584391 0.109357 0.028342
3 0.195885 0.595601 0.082864 0.021997
3 0.160654 0.625635 0.062007 0.035533
3 0.328354 0.639171 0.079481 0.049915
3 0.235344 0.799281 0.079481 0.068951
3 0.613585 0.546108 0.082864 0.032995
3 0.791150 0.589044 0.144870 0.062183
3 0.803269 0.654399 0.102593 0.035533
3 0.625705 0.599196 0.065389 0.055415
3 0.613867 0.648266 0.064262 0.046954
3 0.725479 0.661802 0.033822 0.050338
3 0.796505 0.694374 0.077790 0.039340
3 0.760428 0.763959 0.065389 0.050761
3 0.730552 0.776438 0.054115 0.046954
3 0.682638 0.803511 0.033822 0.052030
