2 0.517599 0.545362 0.701264 0.814489
4 0.502256 0.560596 0.652527 0.740691
5 0.334386 0.225457 0.053249 0.055518
5 0.599278 0.296886 0.030686 0.054841
5 0.681408 0.267773 0.054152 0.057549
5 0.634025 0.290792 0.046029 0.029113
5 0.348827 0.307718 0.074910 0.033175
5 0.298736 0.333446 0.027076 0.053487
5 0.242329 0.344956 0.049639 0.052133
5 0.414711 0.353081 0.040614 0.039946
5 0.548736 0.391672 0.039711 0.041300
5 0.408845 0.424848 0.057762 0.025051
5 0.559116 0.504062 0.033394 0.046716
5 0.559567 0.533852 0.072202 0.026405
5 0.606047 0.574814 0.065884 0.047393
5 0.509025 0.591063 0.039711 0.054164
5 0.619134 0.676710 0.036101 0.049425
5 0.486011 0.636764 0.062274 0.027759
5 0.390343 0.660122 0.042419 0.051456
5 0.394404 0.558565 0.027076 0.051456
5 0.328520 0.550779 0.034296 0.056195
5 0.272112 0.558903 0.024368 0.053487
5 0.251805 0.602911 0.050542 0.044008
5 0.342058 0.626269 0.027076 0.041977
5 0.370487 0.680772 0.035199 0.052133
5 0.439531 0.713609 0.032491 0.058226
5 0.289711 0.704469 0.061372 0.042654
5 0.318592 0.740691 0.048736 0.024374
5 0.722473 0.798240 0.069495 0.024374
5 0.568592 0.860867 0.032491 0.031821
