0 0.435018 0.450237 0.722022 0.843602
2 0.456679 0.510156 0.485560 0.565335
3 0.523466 0.543331 0.375451 0.466486
5 0.495939 0.452945 0.011733 0.016249
5 0.494585 0.505416 0.039711 0.083277
5 0.528881 0.512525 0.057762 0.024374
5 0.439531 0.551456 0.037906 0.065674
5 0.448556 0.628639 0.061372 0.084631
5 0.478791 0.665538 0.015343 0.085308
5 0.508123 0.642857 0.043321 0.031821
6 0.295578 0.762695 0.022563 0.019634
6 0.335289 0.774204 0.040614 0.025051
6 0.208484 0.809072 0.052347 0.027082
6 0.196751 0.777590 0.032491 0.020988
6 0.338448 0.818890 0.034296 0.025051
6 0.489170 0.821936 0.070397 0.031144
6 0.294224 0.816858 0.043321 0.022343
