2 0.538895 0.474408 0.675310 0.937817
3 0.392052 0.416244 0.284667 0.821489
3 0.696167 0.469543 0.281849 0.917936
5 0.642616 0.100254 0.025930 0.055838
5 0.658681 0.116540 0.012965 0.016497
5 0.662627 0.094332 0.015220 0.028765
5 0.645998 0.147843 0.027057 0.030034
5 0.622041 0.157995 0.061443 0.025804
5 0.615840 0.190778 0.027621 0.020305
5 0.638952 0.211929 0.018602 0.042301
5 0.597520 0.194797 0.018038 0.026650
5 0.620068 0.239636 0.052988 0.042724
5 0.619786 0.208122 0.024239 0.013536
5 0.623168 0.278342 0.025366 0.031303
5 0.640924 0.277919 0.020293 0.042301
5 0.627678 0.298223 0.034386 0.014382
5 0.607948 0.315355 0.042277 0.025804
5 0.627114 0.325719 0.020857 0.029611
5 0.644589 0.317047 0.026494 0.015651
5 0.610767 0.356176 0.026494 0.037225
5 0.612740 0.383037 0.037204 0.027496
5 0.612458 0.405034 0.044532 0.031726
5 0.627114 0.414975 0.018602 0.029611
5 0.607384 0.433799 0.019729 0.019882
5 0.612176 0.445643 0.042841 0.020728
5 0.608512 0.466794 0.029876 0.025804
5 0.618377 0.480541 0.021421 0.023689
5 0.608230 0.504019 0.037204 0.024112
5 0.625986 0.536802 0.020857 0.027919
5 0.614431 0.518824 0.028185 0.010575
5 0.602029 0.570854 0.041714 0.033418
5 0.647125 0.553934 0.024803 0.009729
5 0.595829 0.607234 0.019166 0.026650
5 0.636979 0.605330 0.052988 0.023689
5 0.620349 0.635152 0.026494 0.037648
5 0.618095 0.664552 0.032131 0.024535
5 0.622322 0.684222 0.028185 0.013113
5 0.591037 0.701354 0.042277 0.013536
5 0.619222 0.708756 0.031003 0.018190
5 0.604848 0.725254 0.015784 0.024958
5 0.607948 0.756134 0.025366 0.030034
5 0.596392 0.767555 0.041714 0.045262
5 0.620349 0.761421 0.019729 0.038917
