0 0.500451 0.607651 0.999097 0.784699
2 0.524819 0.593771 0.145307 0.618822
2 0.312274 0.798578 0.337545 0.098172
3 0.519856 0.450575 0.122744 0.313473
3 0.526173 0.838863 0.110108 0.117806
2 0.782942 0.346987 0.340253 0.145565
2 0.782942 0.510833 0.327617 0.144211
3 0.736462 0.345633 0.236462 0.132024
5 0.640343 0.305010 0.022563 0.026405
5 0.641245 0.347664 0.017148 0.033175
5 0.737365 0.385240 0.012635 0.024374
5 0.753610 0.385579 0.012635 0.026405
5 0.786101 0.381517 0.021661 0.015572
5 0.800993 0.383209 0.022563 0.013541
5 0.841606 0.372715 0.009928 0.027759
1 0.311823 0.866960 0.194043 0.023697
6 0.532040 0.896750 0.026173 0.019634
6 0.166065 0.892688 0.014440 0.011510
6 0.390794 0.906906 0.019856 0.004739
