0 0.503159 0.536561 0.993682 0.837508
5 0.722924 0.395058 0.110108 0.033175
5 0.877708 0.400135 0.100181 0.048747
5 0.706227 0.443466 0.109206 0.029790
5 0.615072 0.450237 0.055054 0.064997
5 0.815884 0.544685 0.039711 0.071090
5 0.849729 0.565674 0.049639 0.056195
5 0.412004 0.483074 0.074910 0.072444
5 0.330325 0.447529 0.034296 0.077183
5 0.379513 0.510156 0.060469 0.049425
5 0.608303 0.584292 0.070397 0.031144
5 0.720217 0.607312 0.064982 0.041977
5 0.844314 0.632701 0.047834 0.073798
5 0.787004 0.629655 0.083032 0.031144
5 0.736462 0.648951 0.090253 0.042654
5 0.791968 0.665200 0.040614 0.057549
5 0.636282 0.673663 0.088448 0.035206
5 0.568141 0.676710 0.076715 0.035884
5 0.757671 0.723087 0.042419 0.040623
5 0.680505 0.778944 0.084838 0.050779
5 0.619134 0.769804 0.057762 0.047393
5 0.573105 0.789438 0.099278 0.040623
5 0.572202 0.751185 0.055957 0.042654
5 0.388538 0.838863 0.067690 0.046039
5 0.367780 0.759648 0.080325 0.050102
5 0.406137 0.743399 0.084838 0.027082
5 0.347022 0.689235 0.069495 0.036561
5 0.253159 0.655721 0.085740 0.052133
5 0.402527 0.651659 0.052347 0.061611
5 0.337996 0.641842 0.094765 0.041977
5 0.320397 0.619499 0.093863 0.039269
5 0.462094 0.648274 0.039711 0.033175
5 0.413809 0.601896 0.047834 0.024374
5 0.429603 0.561273 0.043321 0.023020
5 0.245487 0.446175 0.021661 0.062288
5 0.370939 0.403859 0.057762 0.019634
6 0.206679 0.907583 0.037906 0.052133
6 0.312274 0.911984 0.063177 0.035206
2 0.546480 0.614760 0.728339 0.626947
4 0.524368 0.651320 0.610108 0.528097
