0 0.500451 0.541638 0.999097 0.840894
2 0.399819 0.363236 0.400722 0.322952
3 0.403881 0.278944 0.387184 0.117806
3 0.521209 0.352404 0.157942 0.241706
2 0.753159 0.298240 0.239170 0.123900
4 0.734206 0.309411 0.195848 0.096141
5 0.368231 0.230873 0.019856 0.032498
5 0.482852 0.295870 0.025271 0.014895
5 0.764440 0.275559 0.030686 0.031144
5 0.831227 0.302640 0.043321 0.021666
5 0.792870 0.303656 0.033394 0.025051
5 0.807762 0.322952 0.023466 0.025728
5 0.799188 0.351726 0.020758 0.012864
5 0.753159 0.325322 0.035199 0.027759
5 0.761282 0.308057 0.013538 0.031144
5 0.782040 0.344956 0.013538 0.015572
5 0.702617 0.305349 0.024368 0.036561
5 0.643051 0.308057 0.018953 0.018957
6 0.517148 0.795531 0.009025 0.010833
6 0.528430 0.778944 0.013538 0.007448
6 0.391697 0.760325 0.010830 0.006770
6 0.404332 0.747800 0.014440 0.007448
6 0.521661 0.762695 0.012635 0.008802
6 0.511733 0.777590 0.007220 0.010156
6 0.284296 0.732905 0.223827 0.053487
