0 0.522548 0.512479 0.909808 0.951354
2 0.593292 0.547166 0.634160 0.826988
3 0.466178 0.526438 0.298760 0.740694
3 0.761556 0.543782 0.226607 0.782995
5 0.735908 0.198393 0.036640 0.026227
5 0.735908 0.232022 0.045660 0.034264
5 0.749718 0.298223 0.029312 0.039763
5 0.745209 0.331218 0.031567 0.032995
5 0.729143 0.372462 0.040023 0.040186
5 0.766629 0.358926 0.036077 0.013959
5 0.750282 0.374577 0.025930 0.021574
5 0.705750 0.342005 0.027057 0.016497
5 0.730271 0.394882 0.035513 0.010575
5 0.735344 0.411591 0.032131 0.019459
5 0.707723 0.444374 0.053551 0.030880
5 0.725761 0.435702 0.023112 0.028765
5 0.724634 0.469120 0.026494 0.027919
5 0.702086 0.469755 0.027621 0.020728
5 0.721251 0.487310 0.042277 0.020305
5 0.710823 0.495347 0.050733 0.030457
5 0.710541 0.527496 0.016347 0.039763
5 0.704622 0.526861 0.040586 0.022420
5 0.680947 0.523477 0.029312 0.022420
5 0.733371 0.528342 0.033822 0.041455
5 0.709696 0.568951 0.027057 0.019459
5 0.699831 0.578469 0.052424 0.021574
5 0.739572 0.597927 0.037204 0.035956
5 0.711669 0.607234 0.031003 0.022420
5 0.697858 0.620770 0.030440 0.030034
5 0.724070 0.641709 0.054679 0.016074
5 0.700113 0.674281 0.031567 0.018613
5 0.741263 0.662225 0.057497 0.030034
5 0.735062 0.686760 0.066516 0.034264
5 0.687430 0.722504 0.044532 0.031303
5 0.684047 0.739002 0.054679 0.027073
5 0.711105 0.778130 0.041150 0.024958
5 0.688275 0.817259 0.025930 0.015228
5 0.692221 0.843274 0.024803 0.024958
5 0.665445 0.845601 0.042277 0.021151
5 0.680101 0.874154 0.037768 0.030034
