0 0.486011 0.521327 0.957581 0.840894
2 0.496390 0.616452 0.797834 0.616791
4 0.468863 0.679756 0.701264 0.441435
4 0.443592 0.948544 0.827617 0.090724
5 0.314982 0.419431 0.043321 0.075152
5 0.349278 0.416046 0.039711 0.084631
5 0.295578 0.519296 0.049639 0.058226
5 0.408394 0.510494 0.082130 0.062288
5 0.613267 0.371699 0.058664 0.058226
5 0.539711 0.505755 0.041516 0.069059
5 0.608303 0.582938 0.102888 0.071767
5 0.678249 0.575491 0.094765 0.051456
5 0.742329 0.612729 0.053249 0.043331
5 0.322653 0.578538 0.092960 0.060257
5 0.288809 0.567028 0.072202 0.029113
5 0.152076 0.657414 0.069495 0.020311
5 0.465253 0.569397 0.042419 0.056872
5 0.514440 0.633378 0.039711 0.060257
5 0.592509 0.666554 0.040614 0.073798
5 0.453520 0.618145 0.056859 0.044685
5 0.525271 0.692282 0.092058 0.057549
5 0.483303 0.725457 0.049639 0.073798
5 0.585740 0.778605 0.061372 0.056872
5 0.535650 0.809072 0.071300 0.054164
5 0.469765 0.805687 0.033394 0.047393
5 0.478339 0.850711 0.066787 0.054841
5 0.541516 0.884563 0.030686 0.050779
5 0.383574 0.905890 0.048736 0.064997
5 0.293321 0.662153 0.048736 0.048747
5 0.329874 0.701422 0.049639 0.032498
5 0.278881 0.746445 0.052347 0.061611
5 0.413357 0.696682 0.041516 0.077183
5 0.429603 0.736290 0.075812 0.061611
5 0.699007 0.778267 0.040614 0.058903
5 0.622292 0.809749 0.037004 0.046039
