0 0.545126 0.520650 0.909747 0.958700
2 0.327617 0.432295 0.314079 0.404198
2 0.723375 0.273527 0.432310 0.239675
4 0.727888 0.278605 0.336643 0.207854
4 0.330776 0.423155 0.286101 0.295193
5 0.348375 0.397766 0.036101 0.031821
5 0.329874 0.544008 0.055054 0.023697
5 0.445848 0.621530 0.023466 0.036561
5 0.281588 0.401490 0.028881 0.032498
5 0.326715 0.409614 0.036101 0.020311
5 0.319495 0.396750 0.030686 0.016249
5 0.316336 0.318890 0.015343 0.020311
5 0.389892 0.307041 0.018051 0.015572
5 0.783845 0.332431 0.082130 0.031144
5 0.648014 0.317536 0.064982 0.017603
5 0.726534 0.286053 0.070397 0.027759
5 0.891697 0.269465 0.027076 0.035206
5 0.792870 0.295193 0.026173 0.020311
6 0.388989 0.779621 0.012635 0.010156
6 0.435921 0.788761 0.009025 0.009479
6 0.403430 0.780636 0.014440 0.013541
6 0.329422 0.631009 0.142599 0.193636
