0 0.514656 0.502750 0.927847 0.994501
2 0.601747 0.549281 0.701804 0.843063
3 0.447012 0.516709 0.297632 0.766074
3 0.753100 0.549704 0.385569 0.826142
5 0.615558 0.162860 0.036077 0.022843
5 0.620068 0.196277 0.023675 0.025381
5 0.638106 0.236041 0.032694 0.038917
5 0.625986 0.218274 0.016347 0.016074
5 0.639515 0.268401 0.032131 0.025804
5 0.631623 0.292090 0.023112 0.030034
5 0.628523 0.321277 0.033822 0.032572
5 0.614431 0.240694 0.019166 0.016074
5 0.629369 0.347081 0.053551 0.034264
5 0.634442 0.385575 0.020857 0.025804
5 0.651917 0.399958 0.033258 0.014805
5 0.645998 0.420685 0.029312 0.024112
5 0.636133 0.451565 0.040023 0.026650
5 0.627114 0.469966 0.020857 0.012690
5 0.642052 0.476946 0.029312 0.019036
5 0.649380 0.502961 0.029312 0.026227
5 0.628241 0.501058 0.029876 0.026650
5 0.653608 0.595178 0.028749 0.030457
5 0.652762 0.629230 0.024803 0.030880
5 0.660090 0.684645 0.032694 0.042724
5 0.682638 0.678723 0.027057 0.022420
5 0.669673 0.715313 0.025930 0.032149
5 0.680383 0.756557 0.034949 0.047800
5 0.662909 0.772420 0.042841 0.044839
5 0.673055 0.807530 0.033822 0.032995
5 0.672773 0.850465 0.021984 0.052030
5 0.697576 0.899323 0.042277 0.054146
6 0.384724 0.939721 0.185457 0.047800
