0 0.484498 0.483080 0.944194 0.917936
2 0.509865 0.533418 0.785231 0.735195
3 0.732807 0.551184 0.315671 0.670051
4 0.347520 0.535745 0.360203 0.662860
5 0.676719 0.304780 0.016347 0.044416
5 0.695603 0.305626 0.024803 0.034264
5 0.664036 0.323181 0.021421 0.039763
5 0.656708 0.351100 0.027057 0.037225
5 0.686302 0.365694 0.029876 0.034264
5 0.665445 0.396151 0.031003 0.026650
5 0.663472 0.426607 0.028185 0.034264
5 0.682920 0.423223 0.018602 0.032572
5 0.673901 0.451777 0.024239 0.019459
5 0.703495 0.465102 0.064262 0.019036
5 0.675310 0.486464 0.030440 0.030457
5 0.678692 0.513536 0.024803 0.029611
5 0.696449 0.545685 0.054679 0.043147
5 0.705186 0.522208 0.036077 0.037648
5 0.673901 0.578680 0.035513 0.041455
5 0.693067 0.640440 0.053551 0.045685
5 0.693630 0.620347 0.029876 0.013959
5 0.659245 0.639805 0.050169 0.035110
5 0.670519 0.679357 0.041150 0.037225
5 0.667136 0.734772 0.033258 0.065990
