0 0.506318 0.500339 0.637184 0.999323
2 0.525271 0.540961 0.541516 0.892349
3 0.422834 0.532160 0.250000 0.827353
3 0.675993 0.544685 0.220217 0.859174
5 0.622744 0.129316 0.014440 0.014895
5 0.612365 0.147596 0.020758 0.027082
5 0.617329 0.164184 0.021661 0.030467
5 0.623195 0.186527 0.013538 0.018280
5 0.611011 0.201422 0.025271 0.025051
5 0.615975 0.226811 0.015343 0.028436
5 0.624549 0.244414 0.012635 0.020311
5 0.615975 0.251523 0.008123 0.008802
5 0.620939 0.284022 0.025271 0.029113
5 0.612816 0.301286 0.019856 0.016249
5 0.619134 0.329384 0.023466 0.029113
5 0.627708 0.330061 0.017148 0.026405
5 0.609206 0.355789 0.014440 0.014218
5 0.629964 0.357143 0.018051 0.012864
5 0.620939 0.384563 0.027076 0.023020
5 0.622744 0.406567 0.025271 0.026405
5 0.623195 0.433311 0.018953 0.033852
5 0.624549 0.461408 0.025271 0.016926
5 0.622744 0.500339 0.019856 0.032498
5 0.617780 0.533852 0.018953 0.029113
5 0.620939 0.559919 0.027076 0.023020
5 0.626354 0.592079 0.032491 0.026405
5 0.620939 0.622546 0.023466 0.027759
5 0.622744 0.655383 0.023466 0.031144
5 0.627708 0.683142 0.015343 0.031144
5 0.625903 0.717332 0.015343 0.018280
5 0.627708 0.699729 0.022563 0.018280
5 0.626354 0.744414 0.016245 0.034529
5 0.620939 0.793500 0.018051 0.039269
5 0.638087 0.806703 0.030686 0.019634
