2 0.502083 0.353906 0.595833 0.200000
5 0.558333 0.285547 0.066667 0.035156
4 0.504861 0.355078 0.576389 0.186719
5 0.304861 0.328906 0.031944 0.028125
5 0.331944 0.371484 0.047222 0.046094
5 0.516667 0.407031 0.072222 0.032813
5 0.557639 0.423047 0.048611 0.055469
5 0.589583 0.391797 0.031944 0.057031
5 0.704861 0.389453 0.059722 0.019531
5 0.718750 0.420703 0.040278 0.042969
5 0.642361 0.431250 0.093056 0.020313
5 0.311111 0.443750 0.083333 0.010937
5 0.403472 0.441797 0.051389 0.013281
5 0.319444 0.417187 0.038889 0.035937
5 0.386806 0.384375 0.045833 0.025000
5 0.273611 0.361328 0.050000 0.033594
4 0.525000 0.325781 0.058333 0.050000
