0 0.501691 0.496404 0.996618 0.925127
2 0.566798 0.510575 0.702931 0.770728
3 0.379932 0.498942 0.325817 0.689932
3 0.773675 0.513748 0.310598 0.698393
4 0.712514 0.961083 0.117249 0.077834
5 0.731962 0.213621 0.044532 0.057530
5 0.720124 0.306049 0.038895 0.057107
5 0.709977 0.351100 0.042277 0.060068
5 0.690530 0.381557 0.049605 0.029611
5 0.700395 0.418782 0.036640 0.049069
5 0.664036 0.493232 0.059752 0.038071
5 0.678129 0.504442 0.031567 0.023266
5 0.661218 0.539763 0.045096 0.047377
5 0.635006 0.544839 0.035513 0.021997
5 0.661218 0.597081 0.032694 0.051184
5 0.683766 0.635152 0.059752 0.065567
5 0.646843 0.671108 0.036640 0.030880
5 0.662063 0.697547 0.025366 0.020305
5 0.690812 0.716159 0.049042 0.043147
5 0.682356 0.740905 0.072717 0.068105
5 0.622041 0.707487 0.043405 0.032572
5 0.611894 0.860195 0.027621 0.030880
5 0.628241 0.822970 0.028749 0.027496
5 0.647971 0.802453 0.037768 0.021151
5 0.644870 0.767343 0.043968 0.058376
5 0.623732 0.862310 0.031003 0.066413
5 0.842728 0.666878 0.052988 0.040186
5 0.464769 0.851946 0.065953 0.060068
