0 0.500282 0.517766 0.999436 0.846870
2 0.551860 0.559856 0.686584 0.685702
3 0.462232 0.520728 0.359639 0.592217
3 0.768602 0.569585 0.197858 0.600254
5 0.748873 0.303088 0.026494 0.035110
5 0.770011 0.349408 0.032694 0.057530
5 0.810034 0.405880 0.098083 0.049492
5 0.772266 0.455372 0.038331 0.040186
5 0.722379 0.466794 0.054679 0.046954
5 0.735344 0.507191 0.054679 0.023689
5 0.767756 0.524112 0.043968 0.016920
5 0.725197 0.534475 0.032131 0.024112
5 0.719842 0.582910 0.068771 0.020305
5 0.749718 0.605118 0.043968 0.036802
5 0.755355 0.676184 0.036077 0.013113
5 0.708568 0.718697 0.062007 0.034687
6 0.528467 0.876481 0.042277 0.020305
6 0.478579 0.884518 0.041714 0.016074
