2 0.387635 0.577522 0.340253 0.751523
4 0.366426 0.621192 0.259928 0.642519
0 0.544224 0.511848 0.707581 0.973595
5 0.441787 0.235951 0.047834 0.050779
5 0.330325 0.420785 0.030686 0.029113
5 0.262635 0.455653 0.019856 0.032498
5 0.269856 0.542993 0.043321 0.035206
5 0.376805 0.565335 0.062274 0.017603
5 0.455325 0.662153 0.046029 0.017603
5 0.511282 0.690589 0.029783 0.054164
5 0.490523 0.740352 0.064079 0.038592
5 0.402076 0.770481 0.047834 0.028436
5 0.381318 0.734936 0.051444 0.031821
5 0.409747 0.839878 0.028881 0.030467
5 0.437274 0.869668 0.047834 0.041300
5 0.463448 0.925863 0.058664 0.031821
5 0.524368 0.888964 0.048736 0.039269
