0 0.486011 0.467502 0.742780 0.929587
2 0.544675 0.533852 0.527978 0.707515
4 0.703520 0.561950 0.197653 0.602573
3 0.448556 0.247461 0.310469 0.091401
3 0.447202 0.375085 0.307762 0.079892
3 0.455325 0.483074 0.273466 0.088693
3 0.462996 0.589370 0.270758 0.090047
4 0.458484 0.703453 0.296029 0.104265
4 0.422834 0.299255 0.134477 0.070413
5 0.405686 0.240691 0.033394 0.039946
5 0.433213 0.259309 0.037906 0.041977
5 0.466155 0.298578 0.026173 0.040623
5 0.396209 0.314489 0.032491 0.048070
5 0.349729 0.405213 0.035199 0.044008
5 0.438628 0.480366 0.028881 0.049425
5 0.529783 0.528436 0.027076 0.041300
5 0.370036 0.485105 0.046931 0.039946
5 0.408845 0.531144 0.023466 0.046716
5 0.382671 0.532498 0.021661 0.048070
5 0.544675 0.637779 0.027978 0.036561
5 0.494134 0.604604 0.033394 0.039269
5 0.401173 0.579892 0.044224 0.037238
5 0.348375 0.591063 0.046931 0.039269
5 0.373646 0.609682 0.028881 0.044008
5 0.336643 0.639133 0.028881 0.043331
5 0.417419 0.746445 0.027978 0.046716
5 0.464801 0.748138 0.043321 0.018957
5 0.340704 0.737982 0.058664 0.025728
5 0.482401 0.864929 0.022563 0.044008
5 0.499097 0.834800 0.021661 0.028436
