0 0.500903 0.532837 0.998195 0.934326
2 0.520307 0.338863 0.537004 0.340555
3 0.692690 0.346649 0.201264 0.334462
6 0.467058 0.838524 0.228339 0.083277
6 0.739621 0.905552 0.020758 0.019634
6 0.578520 0.957684 0.025271 0.014218
6 0.432762 0.962762 0.015343 0.009479
6 0.634928 0.937373 0.024368 0.016926
2 0.921029 0.253555 0.157942 0.140149
3 0.922383 0.256263 0.155235 0.122546
5 0.897112 0.253216 0.063177 0.028436
5 0.934116 0.229181 0.055957 0.029113
5 0.910199 0.309749 0.038809 0.022343
5 0.341155 0.209546 0.019856 0.031821
5 0.502708 0.234259 0.018051 0.028436
5 0.270307 0.261002 0.026173 0.033175
5 0.467960 0.224103 0.022563 0.016249
5 0.488267 0.221395 0.021661 0.010833
5 0.452166 0.208192 0.019856 0.016926
