2 0.531003 0.547166 0.861330 0.905668
3 0.730271 0.554569 0.399662 0.847716
3 0.308061 0.539763 0.375986 0.869712
5 0.613867 0.171531 0.039459 0.038494
5 0.582018 0.168359 0.044532 0.047377
5 0.602029 0.211083 0.029312 0.034687
5 0.574408 0.209602 0.031567 0.019036
5 0.574126 0.266074 0.049042 0.057530
5 0.615558 0.267132 0.055242 0.042724
5 0.587373 0.302665 0.033822 0.021574
5 0.598365 0.335237 0.035513 0.037648
5 0.614713 0.366117 0.054679 0.026650
5 0.598083 0.388959 0.027057 0.041878
5 0.646843 0.384518 0.064825 0.029611
5 0.572717 0.423858 0.056370 0.046531
5 0.587373 0.473562 0.054115 0.028342
5 0.608794 0.516497 0.058625 0.055838
5 0.601184 0.536802 0.045660 0.049915
5 0.608512 0.572758 0.043405 0.048223
5 0.591601 0.596658 0.060316 0.055415
5 0.609076 0.639171 0.046787 0.050761
5 0.580327 0.615482 0.038895 0.047377
5 0.603720 0.730753 0.036077 0.067259
5 0.563698 0.722504 0.049605 0.021151
5 0.602029 0.874577 0.052988 0.053723
5 0.569335 0.865059 0.039459 0.043147
5 0.569053 0.918570 0.052424 0.027496
5 0.620068 0.951565 0.072153 0.060491
6 0.256201 0.969120 0.052424 0.028765
