0 0.495490 0.588409 0.855693 0.799492
2 0.574126 0.569797 0.536077 0.648054
3 0.677283 0.566201 0.293687 0.625635
3 0.434611 0.559433 0.243517 0.582487
5 0.556370 0.267132 0.019166 0.033418
5 0.550169 0.299281 0.020293 0.021574
5 0.557779 0.322547 0.017475 0.026650
5 0.571308 0.379230 0.016347 0.029188
5 0.566234 0.414340 0.012965 0.008883
5 0.569617 0.431895 0.029876 0.028765
5 0.568489 0.454103 0.018602 0.014805
5 0.572435 0.473139 0.020857 0.022420
5 0.582864 0.499577 0.014656 0.031303
5 0.590755 0.514171 0.020293 0.017343
5 0.588219 0.545685 0.028749 0.019459
5 0.581172 0.533629 0.020293 0.008037
5 0.585682 0.575296 0.018038 0.014382
5 0.582582 0.592428 0.036640 0.024958
5 0.584273 0.614002 0.032131 0.013113
5 0.589910 0.626058 0.032131 0.010998
5 0.592446 0.659898 0.016911 0.018613
5 0.619504 0.696912 0.041714 0.022420
5 0.614431 0.729907 0.027057 0.034264
5 0.627678 0.724619 0.018602 0.021997
5 0.634160 0.800761 0.031567 0.042301
5 0.638388 0.854695 0.029876 0.052030
6 0.445321 0.866117 0.147689 0.060491
