0 0.492708 0.533998 0.983333 0.896835
2 0.565104 0.567995 0.730208 0.772567
3 0.730208 0.550410 0.372917 0.725674
3 0.381250 0.536049 0.314583 0.675850
5 0.598958 0.280774 0.027083 0.032825
5 0.593229 0.331770 0.028125 0.021102
5 0.623958 0.333822 0.033333 0.027550
5 0.607812 0.383353 0.026042 0.023447
5 0.592187 0.405920 0.038542 0.027550
5 0.594792 0.430539 0.052083 0.016999
5 0.614062 0.459261 0.032292 0.029894
5 0.605729 0.488863 0.028125 0.016413
5 0.612500 0.548359 0.031250 0.018171
5 0.607812 0.578839 0.032292 0.031067
5 0.633333 0.596717 0.039583 0.016413
5 0.612500 0.612251 0.022917 0.025205
5 0.631250 0.619871 0.027083 0.038101
5 0.622917 0.654162 0.031250 0.036342
5 0.598958 0.653576 0.033333 0.017585
5 0.614583 0.675557 0.043750 0.032239
5 0.625521 0.700176 0.028125 0.026377
5 0.647917 0.719226 0.033333 0.021102
5 0.652604 0.752638 0.061458 0.039859
5 0.610417 0.766706 0.066667 0.031653
5 0.665104 0.801583 0.061458 0.048652
5 0.619271 0.799531 0.034375 0.019930
5 0.633854 0.834115 0.034375 0.032825
5 0.656771 0.887456 0.057292 0.045721
5 0.626563 0.871336 0.023958 0.033411
6 0.384896 0.896835 0.036458 0.014068
