0 0.500282 0.495558 0.999436 0.990271
2 0.521702 0.499577 0.890079 0.930626
3 0.739572 0.516286 0.411499 0.891286
3 0.433484 0.448816 0.233371 0.677665
5 0.583709 0.102369 0.034386 0.031303
5 0.587655 0.120558 0.026494 0.021151
5 0.571026 0.137690 0.029312 0.022420
5 0.609639 0.145728 0.017475 0.041032
5 0.591319 0.146151 0.015784 0.029188
5 0.589910 0.173223 0.054679 0.015651
5 0.603157 0.197124 0.023675 0.032149
5 0.590192 0.203046 0.010147 0.022843
5 0.611048 0.231387 0.018038 0.026227
5 0.597802 0.233503 0.028749 0.042301
5 0.604284 0.293993 0.020293 0.014382
5 0.614431 0.324662 0.021421 0.043570
5 0.624577 0.374154 0.036077 0.049492
5 0.601184 0.379230 0.019729 0.014805
5 0.616404 0.409264 0.017475 0.015651
5 0.605693 0.429357 0.034386 0.024535
5 0.624014 0.443951 0.016911 0.029188
5 0.610203 0.450719 0.024239 0.024958
5 0.612176 0.479061 0.041714 0.040186
5 0.611612 0.497250 0.016911 0.022420
5 0.612458 0.523477 0.036640 0.030880
5 0.595265 0.548646 0.039459 0.036379
5 0.611894 0.549492 0.031003 0.026227
5 0.646843 0.538071 0.035513 0.011844
5 0.615276 0.589467 0.024239 0.017343
5 0.638388 0.607445 0.026494 0.021151
5 0.618095 0.614848 0.035513 0.018190
5 0.616404 0.635152 0.026494 0.026650
5 0.647689 0.638959 0.041714 0.028342
5 0.634724 0.674915 0.031567 0.052030
5 0.602029 0.692259 0.031567 0.032572
5 0.645434 0.723562 0.028185 0.024112
5 0.617249 0.742174 0.046223 0.049492
5 0.643179 0.740694 0.040586 0.047377
5 0.656990 0.789129 0.052424 0.053723
5 0.629651 0.791244 0.034949 0.044416
