0 0.464801 0.202437 0.588448 0.400812
0 0.523917 0.724441 0.648917 0.551117
2 0.369134 0.277590 0.281588 0.241029
2 0.560921 0.792823 0.448556 0.314150
3 0.370487 0.269465 0.215704 0.213947
3 0.562274 0.796547 0.440433 0.302640
5 0.305957 0.196344 0.016245 0.021666
5 0.297834 0.244076 0.032491 0.019634
5 0.399368 0.236290 0.033394 0.044685
5 0.430957 0.230535 0.047834 0.039946
5 0.377708 0.273866 0.026173 0.023697
5 0.411101 0.269465 0.040614 0.023020
5 0.488718 0.262695 0.049639 0.023020
5 0.466606 0.292146 0.050542 0.015572
5 0.447202 0.351049 0.044224 0.035884
5 0.453520 0.784360 0.031588 0.025051
5 0.429152 0.790115 0.017148 0.016249
