0 0.504513 0.481381 0.989170 0.958700
2 0.617329 0.544347 0.738267 0.815166
3 0.455776 0.481043 0.377256 0.642519
3 0.795126 0.579215 0.294224 0.738659
5 0.724278 0.295870 0.051444 0.060934
5 0.724278 0.350034 0.049639 0.056872
5 0.729242 0.408937 0.046931 0.050102
5 0.750451 0.445498 0.049639 0.046039
5 0.742329 0.467163 0.107401 0.044685
5 0.748646 0.519634 0.056859 0.058903
5 0.756769 0.586324 0.056859 0.027082
5 0.765343 0.622546 0.046931 0.060257
5 0.779332 0.666892 0.029783 0.046039
5 0.769404 0.697698 0.037004 0.035884
5 0.801444 0.744753 0.050542 0.060934
5 0.766245 0.771835 0.063177 0.048747
