2 0.504687 0.737984 0.973958 0.420868
3 0.756771 0.728019 0.426042 0.415006
5 0.611979 0.555979 0.034375 0.039273
5 0.625521 0.542790 0.071875 0.043376
5 0.590625 0.601407 0.043750 0.046893
5 0.616146 0.609906 0.065625 0.021688
5 0.652083 0.625733 0.075000 0.011137
5 0.706771 0.643904 0.032292 0.048652
5 0.600000 0.651817 0.056250 0.042204
5 0.603125 0.676436 0.068750 0.024619
5 0.658333 0.662954 0.041667 0.021102
5 0.715104 0.661196 0.055208 0.030481
5 0.648958 0.679367 0.039583 0.009379
5 0.622917 0.712485 0.033333 0.043962
5 0.609375 0.732415 0.066667 0.029894
5 0.664583 0.709848 0.056250 0.044549
5 0.759375 0.703107 0.052083 0.034584
5 0.663021 0.747362 0.036458 0.021102
5 0.691667 0.756155 0.037500 0.022274
