0 0.502818 0.507191 0.925592 0.963621
2 0.620068 0.549704 0.603157 0.824450
3 0.774521 0.557953 0.281849 0.711506
3 0.514092 0.519036 0.156708 0.586294
5 0.704059 0.278342 0.073281 0.081218
5 0.759019 0.338198 0.056933 0.034264
5 0.725197 0.377327 0.031003 0.030457
5 0.752818 0.372250 0.049042 0.029611
5 0.741263 0.410321 0.030440 0.030457
5 0.749154 0.438875 0.056370 0.035110
5 0.725197 0.455584 0.042277 0.051607
5 0.749154 0.484349 0.034949 0.041455
5 0.707723 0.521574 0.095265 0.046531
5 0.718997 0.549492 0.042277 0.016074
5 0.744927 0.535745 0.034386 0.024958
5 0.718997 0.604695 0.047914 0.051184
5 0.694476 0.605964 0.036077 0.027496
5 0.731398 0.640228 0.041150 0.028342
5 0.726607 0.670262 0.046223 0.042724
5 0.702086 0.730118 0.037768 0.038917
5 0.696449 0.774746 0.061443 0.041032
5 0.720970 0.819162 0.062007 0.061337
5 0.718997 0.745135 0.034386 0.041032
