2 0.540023 0.474831 0.638106 0.942047
3 0.382187 0.416244 0.282976 0.815567
3 0.686584 0.469543 0.280722 0.925550
5 0.642334 0.099831 0.029876 0.058376
5 0.663191 0.092217 0.014092 0.027073
5 0.658399 0.116751 0.016911 0.016920
5 0.647689 0.149535 0.021421 0.030034
5 0.607384 0.150804 0.031003 0.013959
5 0.632469 0.131134 0.030440 0.005922
5 0.598647 0.194374 0.019166 0.023266
5 0.638106 0.211083 0.022548 0.040609
5 0.620068 0.238579 0.052988 0.039763
5 0.620631 0.204949 0.023675 0.015651
5 0.627114 0.274535 0.036640 0.033841
5 0.643743 0.281091 0.015784 0.040186
5 0.614431 0.292090 0.058625 0.029188
5 0.611048 0.314086 0.042841 0.019036
5 0.626832 0.324873 0.024803 0.025381
5 0.644025 0.316201 0.023112 0.014805
5 0.614431 0.356387 0.027057 0.031726
5 0.613867 0.381768 0.030440 0.026650
5 0.612458 0.406303 0.044532 0.031726
5 0.627959 0.414129 0.016911 0.031303
5 0.605693 0.436125 0.019729 0.019459
5 0.611612 0.444585 0.034949 0.021997
5 0.610203 0.468697 0.036640 0.028765
5 0.617531 0.478426 0.020857 0.029611
5 0.607103 0.504865 0.037204 0.024958
5 0.625141 0.538917 0.021421 0.030457
5 0.605975 0.533629 0.018038 0.017343
5 0.614431 0.517343 0.024803 0.015228
5 0.601747 0.572970 0.043405 0.034264
5 0.645716 0.553934 0.026494 0.007191
5 0.636133 0.605330 0.054679 0.024535
5 0.594138 0.607868 0.018038 0.027073
5 0.618940 0.635575 0.023675 0.032572
5 0.617531 0.666032 0.032131 0.025804
5 0.618940 0.681684 0.033822 0.014805
5 0.618658 0.707910 0.034386 0.020728
5 0.602029 0.724408 0.027057 0.029188
5 0.607384 0.754230 0.026494 0.030457
5 0.593292 0.766920 0.037768 0.044839
5 0.609357 0.810702 0.029312 0.039340
