0 0.535513 0.487733 0.907554 0.948393
2 0.487317 0.546954 0.665727 0.807953
3 0.476325 0.539763 0.233371 0.683587
3 0.679538 0.570220 0.196731 0.747885
5 0.662063 0.241117 0.031003 0.028765
5 0.666573 0.276650 0.023112 0.038917
5 0.670237 0.327623 0.020293 0.026650
5 0.650789 0.326777 0.021984 0.019882
5 0.660090 0.347293 0.013529 0.020305
5 0.648253 0.364848 0.019166 0.036802
5 0.673901 0.373942 0.041150 0.017766
5 0.651917 0.399535 0.015220 0.024958
5 0.629651 0.407360 0.028185 0.028765
5 0.646280 0.429780 0.029876 0.032995
5 0.657835 0.433376 0.016911 0.019882
5 0.654735 0.458968 0.017475 0.028765
5 0.640643 0.473350 0.014092 0.027919
5 0.644307 0.512267 0.016911 0.017766
5 0.647125 0.533629 0.024803 0.029188
5 0.645716 0.547800 0.033258 0.041455
5 0.631623 0.592640 0.012965 0.020305
5 0.642334 0.614213 0.031003 0.026227
5 0.631342 0.623942 0.020293 0.027919
5 0.625141 0.655245 0.016911 0.031303
5 0.631342 0.679146 0.015784 0.019036
5 0.629087 0.697124 0.031567 0.029611
5 0.616404 0.712140 0.016347 0.028342
5 0.620068 0.748096 0.019166 0.024112
5 0.617531 0.764805 0.016347 0.016074
5 0.609921 0.784475 0.015784 0.012267
5 0.610767 0.806472 0.017475 0.031726
5 0.608794 0.873519 0.019166 0.027919
5 0.591883 0.880711 0.018038 0.020305
