0 0.432074 0.473350 0.817926 0.886633
2 0.340755 0.563875 0.512401 0.646362
3 0.385287 0.474196 0.373732 0.441624
5 0.220688 0.329315 0.037768 0.032572
5 0.289177 0.324873 0.024803 0.017766
5 0.208286 0.355118 0.054679 0.021574
5 0.247463 0.374365 0.031567 0.026227
5 0.208850 0.412437 0.033258 0.041455
5 0.234216 0.435279 0.038895 0.026227
5 0.210541 0.466794 0.035513 0.037648
5 0.210541 0.292513 0.059188 0.014805
5 0.144025 0.527073 0.020857 0.049069
5 0.223224 0.605118 0.028185 0.023266
5 0.245209 0.606176 0.033822 0.020305
5 0.220406 0.628173 0.056370 0.022843
5 0.223224 0.731387 0.025930 0.049915
5 0.308061 0.706218 0.035513 0.041878
5 0.334273 0.680626 0.063134 0.027919
5 0.224070 0.692259 0.027621 0.013113
