0 0.232401 0.412999 0.434116 0.519973
0 0.713448 0.416046 0.428700 0.535545
2 0.253159 0.494584 0.318592 0.297224
2 0.747744 0.451930 0.253610 0.368991
3 0.297383 0.452945 0.213899 0.197698
3 0.761282 0.461070 0.257220 0.266757
5 0.746390 0.439404 0.019856 0.051456
5 0.769856 0.446175 0.036101 0.016249
5 0.718863 0.469871 0.018953 0.041977
5 0.723827 0.515234 0.028881 0.050102
5 0.742780 0.536222 0.014440 0.054164
5 0.198105 0.514557 0.022563 0.046039
5 0.259928 0.508125 0.059567 0.018280
5 0.210289 0.396412 0.023466 0.050779
5 0.141697 0.592756 0.059567 0.038592
6 0.252708 0.611374 0.059567 0.024374
6 0.209838 0.609005 0.022563 0.016926
6 0.357401 0.604942 0.009025 0.010156
6 0.625903 0.624915 0.017148 0.010833
6 0.610560 0.622546 0.011733 0.011510
6 0.587094 0.619838 0.018953 0.010156
