2 0.535513 0.509306 0.779030 0.966159
3 0.359357 0.500423 0.415445 0.875635
3 0.737317 0.497462 0.298760 0.930626
5 0.652480 0.093486 0.034386 0.060068
5 0.646280 0.133037 0.032131 0.025804
5 0.665163 0.159475 0.039459 0.033841
5 0.620913 0.150592 0.041150 0.031303
5 0.659526 0.199873 0.024803 0.023266
5 0.651917 0.219966 0.031003 0.022843
5 0.640079 0.254442 0.049042 0.047800
5 0.657272 0.293993 0.041714 0.042301
5 0.623732 0.310068 0.025366 0.029611
5 0.616967 0.352792 0.050169 0.023689
5 0.640361 0.376692 0.034949 0.038494
5 0.650225 0.362944 0.025366 0.022843
5 0.644307 0.410745 0.031567 0.020305
5 0.623732 0.438875 0.029876 0.036802
5 0.644870 0.462352 0.033822 0.018613
5 0.640361 0.497250 0.028185 0.031726
5 0.645716 0.520093 0.032131 0.019882
5 0.632187 0.533206 0.035513 0.036802
5 0.622322 0.568528 0.027057 0.036379
5 0.647689 0.608291 0.038331 0.042301
5 0.643179 0.631980 0.028185 0.016074
5 0.624295 0.652284 0.045660 0.030457
5 0.622604 0.681472 0.029876 0.027073
5 0.636979 0.726734 0.029312 0.040609
5 0.618658 0.742174 0.023112 0.019036
5 0.633596 0.757614 0.039459 0.010152
5 0.639797 0.774746 0.027057 0.029188
5 0.612740 0.777919 0.025930 0.021997
5 0.631060 0.806472 0.029876 0.024958
5 0.617813 0.828046 0.027057 0.035110
5 0.605411 0.842217 0.031567 0.024535
5 0.632187 0.862310 0.021984 0.027496
5 0.620068 0.901438 0.027057 0.026227
5 0.824408 0.525592 0.058061 0.031726
5 0.840474 0.606599 0.056370 0.025381
6 0.390924 0.968274 0.018602 0.010998
