0 0.588448 0.575829 0.823105 0.845633
2 0.573105 0.572783 0.514440 0.671632
3 0.504513 0.297901 0.373646 0.100203
3 0.752708 0.572106 0.151625 0.666215
1 0.521661 0.883209 0.207581 0.030467
6 0.759928 0.915030 0.037906 0.027759
6 0.605596 0.925186 0.027076 0.007448
6 0.352437 0.902505 0.018953 0.012187
6 0.538809 0.890657 0.149819 0.088693
6 0.644856 0.843263 0.046029 0.026405
2 0.912455 0.298240 0.064982 0.156398
2 0.903881 0.483751 0.058664 0.165877
5 0.518051 0.270481 0.023466 0.027759
5 0.545578 0.268450 0.026173 0.023697
