2 0.491877 0.426540 0.684116 0.280298
4 0.500903 0.440081 0.597473 0.231550
5 0.744585 0.476980 0.081227 0.058903
5 0.587996 0.432295 0.101986 0.037238
5 0.575361 0.493568 0.040614 0.060934
5 0.309116 0.368653 0.044224 0.081923
5 0.317238 0.499323 0.044224 0.033175
5 0.375000 0.517603 0.101986 0.027759
5 0.404332 0.549425 0.043321 0.027759
5 0.365523 0.540284 0.108303 0.017603
5 0.309116 0.556872 0.049639 0.016926
5 0.530686 0.775897 0.052347 0.050102
5 0.419675 0.852065 0.046931 0.025051
5 0.266245 0.886256 0.066787 0.088016
6 0.779332 0.858158 0.067690 0.049425
6 0.777978 0.885579 0.034296 0.013541
6 0.680505 0.878470 0.075812 0.035884
6 0.617329 0.886256 0.018051 0.012187
2 0.496390 0.766418 0.483755 0.253216
4 0.495036 0.814489 0.351083 0.153013
