0 0.527339 0.487521 0.945321 0.974196
2 0.551297 0.534898 0.771139 0.808376
3 0.756483 0.539763 0.337091 0.763113
6 0.425874 0.865482 0.069335 0.041455
6 0.357948 0.849619 0.056370 0.025804
3 0.432638 0.521151 0.150507 0.621827
5 0.702086 0.235195 0.044532 0.030457
5 0.671364 0.267978 0.045096 0.036802
5 0.706313 0.271574 0.039459 0.019459
5 0.696449 0.295897 0.045660 0.028342
5 0.672773 0.303723 0.027621 0.020305
5 0.675592 0.320220 0.056933 0.015228
5 0.682920 0.348985 0.053551 0.047377
5 0.658399 0.372885 0.030440 0.053723
5 0.666573 0.405245 0.038895 0.018613
5 0.646280 0.422377 0.067080 0.035110
5 0.665445 0.450085 0.034386 0.027073
5 0.668546 0.478849 0.055242 0.034687
5 0.660654 0.524746 0.036077 0.054569
5 0.646280 0.560068 0.032131 0.017766
5 0.634442 0.570431 0.069335 0.029188
5 0.642052 0.602157 0.049605 0.054569
5 0.675310 0.605330 0.046223 0.050761
5 0.655017 0.644670 0.038331 0.043147
5 0.642334 0.686125 0.053551 0.036379
5 0.669673 0.714255 0.043968 0.031726
5 0.640643 0.731387 0.056933 0.048223
5 0.632187 0.775592 0.064825 0.047800
5 0.659245 0.815778 0.037768 0.059645
5 0.685175 0.870770 0.045660 0.056261
5 0.644307 0.855964 0.034949 0.046108
