0 0.465253 0.529790 0.928700 0.925525
2 0.531137 0.571429 0.704874 0.784022
3 0.384477 0.548747 0.362816 0.691266
3 0.722924 0.569736 0.285199 0.744076
5 0.632671 0.221395 0.036101 0.027082
5 0.623646 0.262018 0.028881 0.051456
5 0.638989 0.287407 0.021661 0.030467
5 0.623195 0.343263 0.040614 0.041977
5 0.631318 0.397427 0.044224 0.052810
5 0.650722 0.438727 0.036101 0.050102
5 0.645307 0.476642 0.036101 0.039269
5 0.660199 0.490183 0.026173 0.025728
5 0.629061 0.511510 0.030686 0.029113
5 0.662906 0.547393 0.037004 0.046716
5 0.652076 0.600542 0.040614 0.058226
5 0.675993 0.598849 0.034296 0.037238
5 0.666065 0.636425 0.027076 0.039269
5 0.670578 0.680772 0.036101 0.053487
5 0.670126 0.743737 0.029783 0.037238
5 0.679603 0.779282 0.046931 0.044685
5 0.668321 0.801286 0.040614 0.037238
5 0.679603 0.828707 0.037906 0.025728
5 0.690433 0.870684 0.055957 0.047393
