0 0.476534 0.497292 0.787004 0.981043
2 0.486462 0.525728 0.586643 0.830738
4 0.520758 0.517942 0.532491 0.816520
5 0.397563 0.143534 0.056859 0.033852
5 0.472924 0.369668 0.041516 0.047393
5 0.569043 0.400135 0.040614 0.047393
5 0.522563 0.435003 0.030686 0.038592
5 0.451715 0.431618 0.029783 0.038592
5 0.380415 0.404198 0.038809 0.032498
5 0.510830 0.564658 0.057762 0.024374
5 0.398014 0.529113 0.052347 0.029113
5 0.541516 0.637779 0.019856 0.024374
5 0.450812 0.693297 0.049639 0.040623
5 0.511733 0.708192 0.021661 0.043331
5 0.488267 0.765741 0.021661 0.046039
5 0.333484 0.743737 0.046029 0.034529
5 0.350181 0.880501 0.027076 0.035884
