2 0.530722 0.739002 0.874295 0.394247
2 0.240981 0.368020 0.454904 0.478849
3 0.220124 0.374365 0.383878 0.423012
3 0.538050 0.649535 0.794250 0.172166
3 0.564825 0.804780 0.685457 0.118866
5 0.216742 0.334391 0.041150 0.057953
5 0.231116 0.312817 0.042841 0.042724
5 0.242672 0.274535 0.080609 0.030457
5 0.321590 0.298223 0.070462 0.062606
5 0.393743 0.287225 0.028749 0.054992
5 0.302424 0.168993 0.073844 0.044416
5 0.335400 0.195008 0.027057 0.064298
5 0.816798 0.663071 0.056370 0.025804
5 0.807215 0.692470 0.034949 0.032995
5 0.784949 0.710025 0.036640 0.033418
5 0.740981 0.627961 0.029876 0.035110
5 0.766629 0.653765 0.024803 0.035956
5 0.732525 0.658841 0.045660 0.025804
5 0.695885 0.665398 0.025366 0.022843
5 0.666573 0.674281 0.040023 0.021151
5 0.634724 0.691201 0.028185 0.019459
5 0.662627 0.697335 0.029876 0.031726
5 0.639233 0.650381 0.032694 0.023266
5 0.614149 0.645093 0.035513 0.023689
5 0.560598 0.677665 0.034386 0.024535
5 0.528467 0.663283 0.027621 0.023689
5 0.497745 0.695431 0.039459 0.021151
5 0.498591 0.676184 0.046787 0.030034
5 0.499154 0.643824 0.028749 0.032995
5 0.461669 0.643613 0.025930 0.039340
5 0.247745 0.805415 0.038895 0.021151
5 0.229989 0.836717 0.023675 0.028765
5 0.292277 0.848139 0.043405 0.026227
5 0.286077 0.793993 0.036640 0.022843
5 0.318489 0.804357 0.050733 0.031726
5 0.325536 0.782572 0.049042 0.024535
5 0.227170 0.789340 0.051860 0.020305
5 0.209696 0.758672 0.038331 0.035110
5 0.368940 0.792090 0.044532 0.033418
5 0.395998 0.799492 0.029876 0.022843
5 0.439684 0.788283 0.046223 0.024112
5 0.436866 0.806472 0.043968 0.019036
5 0.433766 0.817893 0.037768 0.024958
5 0.504510 0.820854 0.038331 0.020728
5 0.500564 0.802876 0.038331 0.017766
5 0.505355 0.786168 0.035513 0.019036
5 0.534386 0.821066 0.031567 0.029611
5 0.607666 0.759941 0.036077 0.026650
5 0.636415 0.772208 0.022548 0.020728
5 0.590474 0.782783 0.036640 0.020728
5 0.619222 0.794416 0.027621 0.029611
5 0.697858 0.750423 0.069899 0.024535
5 0.699549 0.779399 0.051860 0.022420
5 0.735626 0.779188 0.037204 0.024535
5 0.765220 0.770305 0.029876 0.024535
5 0.802706 0.778130 0.056370 0.023266
5 0.797351 0.797377 0.055806 0.026227
5 0.795660 0.812606 0.046787 0.028765
5 0.771139 0.834814 0.024803 0.037648
5 0.709414 0.819162 0.046787 0.032572
5 0.465333 0.898266 0.028749 0.052030
5 0.520293 0.918782 0.016911 0.031303
