2 0.590525 0.530245 0.807671 0.939509
3 0.346870 0.491963 0.275240 0.797800
3 0.720248 0.517766 0.410603 0.894247
5 0.563452 0.180415 0.065426 0.057953
5 0.595601 0.192047 0.037225 0.051607
5 0.602933 0.227580 0.048505 0.048223
5 0.624647 0.144036 0.028765 0.033418
5 0.600113 0.274535 0.042865 0.038071
5 0.575296 0.293359 0.066554 0.036802
5 0.586858 0.331218 0.041173 0.047377
5 0.618161 0.344332 0.039481 0.047377
5 0.628596 0.400381 0.050197 0.035110
5 0.575014 0.413071 0.062606 0.031726
5 0.590243 0.433587 0.052453 0.019459
5 0.604907 0.492386 0.069374 0.028765
5 0.629724 0.515863 0.031021 0.021574
5 0.580654 0.542724 0.073886 0.042301
5 0.590525 0.571701 0.041737 0.042724
5 0.628314 0.577200 0.045121 0.032572
5 0.640440 0.611041 0.040045 0.038494
5 0.581500 0.635152 0.060914 0.034264
5 0.613085 0.644882 0.038353 0.055415
5 0.651156 0.657149 0.051325 0.055415
5 0.613367 0.694797 0.063734 0.022420
5 0.596165 0.731599 0.051889 0.046954
5 0.586012 0.767132 0.056402 0.035956
5 0.612521 0.803299 0.040609 0.063452
5 0.600395 0.839679 0.043429 0.026227
5 0.591371 0.896362 0.058094 0.026227
