0 0.502255 0.576988 0.995490 0.635364
2 0.490699 0.613367 0.776212 0.467851
3 0.422210 0.636210 0.598647 0.379019
5 0.724915 0.600042 0.063134 0.020728
5 0.717024 0.620981 0.049605 0.018613
5 0.733371 0.634518 0.054115 0.019459
5 0.720406 0.654822 0.036077 0.029611
5 0.698985 0.668147 0.042841 0.046108
5 0.645716 0.597927 0.070462 0.047800
5 0.667136 0.615271 0.038895 0.018190
5 0.650225 0.559645 0.021984 0.040609
5 0.708005 0.708756 0.047351 0.035956
5 0.684047 0.726946 0.052424 0.029188
5 0.719842 0.751481 0.056370 0.026650
5 0.670519 0.748519 0.055806 0.029188
5 0.315107 0.596447 0.107103 0.051607
5 0.284386 0.579738 0.062570 0.030034
5 0.242390 0.578257 0.032694 0.027073
5 0.250564 0.637056 0.089628 0.045685
5 0.329200 0.643190 0.086809 0.036802
5 0.229989 0.675338 0.055242 0.028342
5 0.249436 0.741963 0.055806 0.035533
