0 0.489008 0.468909 0.971251 0.936971
2 0.478579 0.554992 0.683202 0.868866
3 0.314543 0.510787 0.337091 0.750846
3 0.678974 0.514171 0.308343 0.747462
4 0.677847 0.948393 0.260992 0.103215
5 0.608794 0.233291 0.048478 0.044416
5 0.634442 0.230330 0.024239 0.021574
5 0.592728 0.260575 0.042277 0.039763
5 0.588501 0.301607 0.050733 0.072758
5 0.601184 0.341371 0.044532 0.025381
5 0.585964 0.383672 0.036640 0.045685
5 0.572999 0.414763 0.055806 0.047800
5 0.621759 0.414129 0.042841 0.016920
5 0.596956 0.448816 0.046223 0.028765
5 0.587091 0.485406 0.033258 0.049492
5 0.615276 0.479484 0.037768 0.026650
5 0.593010 0.538917 0.046223 0.043147
5 0.587373 0.595178 0.038331 0.052453
5 0.586246 0.653976 0.033822 0.033841
5 0.587655 0.691624 0.046787 0.033841
5 0.607948 0.732868 0.051297 0.056261
5 0.561443 0.762690 0.034949 0.041455
5 0.569899 0.793359 0.033822 0.024112
5 0.579763 0.806261 0.027621 0.018613
5 0.596392 0.831641 0.042841 0.035533
5 0.568207 0.833545 0.028185 0.029188
5 0.580045 0.869501 0.041714 0.043570
6 0.361048 0.888959 0.026494 0.012267
