0 0.487035 0.481810 0.957159 0.877327
2 0.460823 0.533841 0.857384 0.731810
3 0.740135 0.517132 0.280722 0.615482
3 0.348647 0.471870 0.428974 0.600254
5 0.683484 0.284687 0.052424 0.051607
5 0.675874 0.314298 0.074408 0.027073
5 0.706595 0.351523 0.049042 0.049915
5 0.745772 0.362098 0.047351 0.066836
5 0.711387 0.418147 0.045096 0.058799
5 0.661499 0.438452 0.049042 0.037648
5 0.670237 0.469120 0.041714 0.033841
5 0.669955 0.515228 0.068207 0.060914
5 0.695321 0.581430 0.043405 0.045262
5 0.634442 0.624577 0.079481 0.035110
5 0.639797 0.669839 0.058625 0.028342
5 0.625141 0.720178 0.036077 0.030034
5 0.693630 0.713198 0.032131 0.034687
5 0.408399 0.728638 0.083991 0.074027
