0 0.492188 0.435522 0.978125 0.834701
2 0.570312 0.360199 0.751042 0.478898
3 0.753125 0.356389 0.385417 0.427902
3 0.428125 0.361958 0.189583 0.313599
5 0.685937 0.283411 0.042708 0.029894
5 0.714063 0.312720 0.046875 0.036928
5 0.672396 0.313013 0.055208 0.033998
5 0.671354 0.223329 0.090625 0.022274
5 0.697917 0.344373 0.050000 0.024033
5 0.666146 0.350528 0.032292 0.029308
5 0.696875 0.371336 0.052083 0.024033
5 0.690104 0.397421 0.048958 0.032825
5 0.726042 0.399472 0.039583 0.024033
5 0.700000 0.427022 0.081250 0.028722
5 0.682292 0.441676 0.050000 0.048652
5 0.650521 0.472743 0.063542 0.024033
5 0.680208 0.512309 0.047917 0.042204
6 0.374479 0.705744 0.030208 0.011723
6 0.278646 0.703400 0.032292 0.017585
