0 0.500451 0.559580 0.997292 0.833446
2 0.421480 0.503724 0.389892 0.564658
2 0.808213 0.278267 0.336643 0.135410
4 0.430505 0.473934 0.370036 0.488829
4 0.753610 0.285376 0.218412 0.119838
5 0.281588 0.250169 0.028881 0.031821
5 0.299639 0.255247 0.018051 0.020311
5 0.386282 0.242722 0.025271 0.019634
5 0.374549 0.301286 0.025271 0.037915
5 0.726534 0.255586 0.043321 0.022343
5 0.797834 0.246784 0.028881 0.044008
5 0.865072 0.270142 0.047834 0.014895
5 0.866426 0.299594 0.032491 0.038592
5 0.714350 0.307380 0.024368 0.024374
5 0.697653 0.312458 0.028881 0.018280
5 0.662455 0.335139 0.023466 0.021666
5 0.858755 0.334462 0.033394 0.021666
5 0.837545 0.341571 0.036101 0.016926
5 0.767148 0.332092 0.036101 0.016926
5 0.788357 0.322613 0.022563 0.019634
5 0.759477 0.267095 0.024368 0.027759
6 0.271661 0.747461 0.169675 0.090724
