0 0.433854 0.423828 0.755208 0.510156
2 0.326042 0.489844 0.375000 0.260937
3 0.376563 0.495703 0.242708 0.241406
5 0.304167 0.371484 0.022917 0.028906
5 0.290104 0.396094 0.017708 0.020313
5 0.304167 0.402344 0.016667 0.026562
5 0.288021 0.415625 0.021875 0.021875
5 0.353125 0.432812 0.018750 0.012500
5 0.325521 0.453125 0.019792 0.018750
5 0.273958 0.453516 0.014583 0.027344
5 0.291667 0.474219 0.043750 0.012500
5 0.332292 0.494141 0.016667 0.035156
5 0.353646 0.526563 0.034375 0.029687
5 0.281250 0.509375 0.056250 0.015625
5 0.282292 0.526563 0.035417 0.015625
5 0.297396 0.544141 0.028125 0.028906
5 0.313542 0.587500 0.025000 0.040625
