0 0.355144 0.471225 0.690433 0.817874
2 0.357401 0.589370 0.498195 0.484089
3 0.388087 0.526743 0.474729 0.324983
5 0.297834 0.438389 0.034296 0.076506
5 0.282040 0.626947 0.040614 0.086662
5 0.292419 0.580230 0.068592 0.018957
5 0.375903 0.621869 0.082130 0.026405
5 0.186372 0.754909 0.094765 0.064997
6 0.261733 0.741368 0.028881 0.018957
6 0.259928 0.784360 0.030686 0.015572
6 0.316336 0.749154 0.033394 0.025051
5 0.357401 0.692959 0.019856 0.076506
6 0.478791 0.727827 0.053249 0.020311
6 0.232401 0.747800 0.027978 0.022343
6 0.242780 0.727488 0.018051 0.015572
6 0.283845 0.730196 0.022563 0.020988
