0 0.460740 0.557211 0.867329 0.698714
2 0.491426 0.525389 0.130866 0.483412
2 0.714801 0.332431 0.296029 0.134056
2 0.693592 0.470210 0.269856 0.132024
4 0.489170 0.519296 0.088448 0.456330
4 0.712996 0.330738 0.263538 0.113067
4 0.697202 0.471564 0.250000 0.109005
1 0.313628 0.298578 0.230144 0.051456
1 0.311823 0.393026 0.235560 0.052133
1 0.316336 0.485443 0.221119 0.052810
1 0.319946 0.562627 0.219314 0.046039
1 0.316336 0.643534 0.215704 0.041300
1 0.312726 0.726811 0.168773 0.027759
5 0.635830 0.316858 0.027978 0.031144
5 0.717960 0.349695 0.051444 0.014218
5 0.657491 0.439404 0.024368 0.018957
5 0.681408 0.461070 0.028881 0.031144
5 0.685921 0.491537 0.014440 0.027082
5 0.695397 0.506093 0.018953 0.015572
5 0.714801 0.479012 0.023466 0.023697
