0 0.503664 0.535321 0.992672 0.866751
2 0.538895 0.560491 0.748591 0.762267
3 0.354002 0.540821 0.347238 0.680626
3 0.733653 0.553511 0.325254 0.680626
4 0.771984 0.962140 0.136979 0.075719
5 0.689402 0.242597 0.046223 0.024958
5 0.649944 0.285110 0.051860 0.030457
5 0.648534 0.347081 0.052424 0.044416
5 0.649098 0.373519 0.037768 0.026227
5 0.672773 0.426819 0.043405 0.064298
5 0.632751 0.461506 0.041150 0.040609
5 0.694758 0.480964 0.096392 0.048223
5 0.639233 0.511210 0.037204 0.054569
5 0.634724 0.580584 0.042841 0.040186
5 0.631342 0.546743 0.036077 0.028342
5 0.660936 0.605753 0.043405 0.018613
5 0.685457 0.627750 0.054115 0.037225
5 0.631905 0.616963 0.029312 0.036802
5 0.651071 0.658418 0.038331 0.057107
5 0.636133 0.680838 0.035513 0.044416
5 0.609357 0.715736 0.039459 0.039763
5 0.609639 0.749365 0.049042 0.041032
5 0.611048 0.797377 0.029312 0.019459
5 0.616967 0.831007 0.029876 0.039340
5 0.611612 0.845389 0.029312 0.043570
5 0.619786 0.903342 0.042277 0.067259
5 0.636697 0.853849 0.026494 0.020728
5 0.432638 0.876692 0.041150 0.038494
5 0.425310 0.904188 0.040023 0.030880
6 0.453495 0.911168 0.021984 0.010152
