0 0.498195 0.528097 0.994585 0.890995
2 0.504061 0.337170 0.136282 0.366960
3 0.505866 0.309749 0.125451 0.286391
6 0.372292 0.730196 0.181408 0.062965
6 0.191336 0.706838 0.126354 0.048747
6 0.180505 0.751185 0.173285 0.048070
6 0.520758 0.793500 0.012635 0.009479
6 0.520758 0.782329 0.012635 0.011510
6 0.504513 0.812796 0.030686 0.006093
6 0.343863 0.812458 0.016245 0.005416
6 0.462545 0.798240 0.011733 0.012187
2 0.794675 0.210562 0.369134 0.146242
3 0.791065 0.220379 0.358303 0.109005
5 0.755415 0.201083 0.023466 0.032498
5 0.768502 0.220718 0.020758 0.040623
5 0.775271 0.256940 0.016245 0.020988
5 0.668773 0.270142 0.041516 0.013541
