2 0.375451 0.554164 0.451264 0.665538
4 0.513989 0.547055 0.179603 0.613406
2 0.819495 0.299255 0.361011 0.170616
4 0.813177 0.298240 0.337545 0.155044
5 0.390343 0.340555 0.037004 0.037915
5 0.292870 0.335816 0.027978 0.031144
5 0.659747 0.251185 0.039711 0.043331
5 0.830776 0.224441 0.056859 0.045362
5 0.671931 0.310765 0.038809 0.028436
5 0.722924 0.297224 0.023466 0.028436
5 0.733755 0.348341 0.036101 0.019634
5 0.912004 0.335816 0.035199 0.031144
5 0.929603 0.362898 0.032491 0.027082
1 0.280686 0.877454 0.162455 0.028436
