2 0.341606 0.295193 0.419675 0.100203
2 0.484206 0.518957 0.154332 0.516588
2 0.762184 0.293839 0.352888 0.124577
4 0.493682 0.514218 0.164260 0.486798
4 0.781588 0.313135 0.308664 0.109005
5 0.319946 0.336154 0.042419 0.033175
5 0.278430 0.312458 0.027978 0.035884
5 0.419224 0.326337 0.020758 0.032498
5 0.473827 0.330061 0.027076 0.014218
5 0.471570 0.380162 0.022563 0.035884
5 0.455776 0.503047 0.018051 0.035206
5 0.442238 0.503047 0.012635 0.035206
5 0.687726 0.287407 0.045126 0.015572
5 0.624097 0.332092 0.044224 0.030467
5 0.678249 0.360528 0.031588 0.010156
5 0.853791 0.360867 0.063177 0.009479
1 0.275271 0.823968 0.131769 0.021666
6 0.494585 0.842248 0.019856 0.013541
6 0.453971 0.845633 0.014440 0.013541
6 0.292419 0.764049 0.312274 0.095464
6 0.112365 0.845633 0.013538 0.010833
