0 0.540023 0.502538 0.837655 0.982234
2 0.536359 0.549915 0.751409 0.857868
3 0.496054 0.519459 0.269448 0.736887
3 0.751691 0.560068 0.275648 0.846870
5 0.693067 0.183376 0.038895 0.028342
5 0.705186 0.221447 0.043968 0.042724
5 0.720688 0.214255 0.024239 0.015651
5 0.718997 0.261844 0.028749 0.021997
5 0.701804 0.289129 0.025930 0.043570
5 0.731962 0.260787 0.041150 0.036802
5 0.736471 0.317893 0.026494 0.040186
5 0.724634 0.352792 0.049042 0.039763
5 0.700676 0.360195 0.033822 0.015651
5 0.709696 0.376058 0.041714 0.029611
5 0.706032 0.402707 0.019729 0.021997
5 0.701240 0.461294 0.041714 0.011421
5 0.705750 0.483714 0.037204 0.035956
5 0.731398 0.482234 0.021984 0.026227
5 0.754228 0.478003 0.036077 0.022843
5 0.730271 0.518190 0.026494 0.045685
5 0.708286 0.539975 0.032131 0.045262
5 0.754510 0.528553 0.031003 0.030880
5 0.709414 0.574027 0.033258 0.032149
5 0.699831 0.619501 0.050169 0.009729
5 0.748591 0.609349 0.023675 0.016497
5 0.709696 0.665821 0.041714 0.020305
5 0.732244 0.663706 0.029312 0.025381
5 0.720970 0.695008 0.032694 0.039763
5 0.745209 0.697124 0.030440 0.027073
5 0.733653 0.751058 0.041150 0.032572
5 0.712232 0.781091 0.043405 0.034264
5 0.718151 0.817893 0.027057 0.038494
5 0.735908 0.837986 0.033258 0.047377
5 0.724634 0.875212 0.024239 0.037225
6 0.352875 0.910745 0.048478 0.035533
6 0.500846 0.858080 0.024239 0.017343
6 0.554679 0.902496 0.117249 0.118020
