0 0.395758 0.561273 0.787906 0.877454
2 0.192690 0.585985 0.206679 0.787407
3 0.181408 0.418077 0.167870 0.413676
3 0.215704 0.872376 0.110108 0.167231
2 0.514892 0.280636 0.421480 0.176710
3 0.460289 0.279959 0.292419 0.161814
2 0.521661 0.487813 0.406137 0.168585
5 0.343863 0.228504 0.021661 0.034529
5 0.348827 0.278605 0.022563 0.034529
5 0.479242 0.331754 0.018051 0.031144
5 0.499549 0.332431 0.018953 0.032498
5 0.533394 0.323968 0.028881 0.025051
5 0.555957 0.328030 0.030686 0.018280
5 0.472473 0.360190 0.015343 0.006770
5 0.608755 0.315504 0.009928 0.032498
6 0.226986 0.952268 0.044224 0.026405
6 0.061372 0.960731 0.036101 0.013541
6 0.047383 0.886594 0.080325 0.026405
6 0.117780 0.873392 0.076715 0.027082
