2 0.487365 0.534868 0.472924 0.801625
4 0.520307 0.441774 0.459386 0.599188
6 0.457130 0.709546 0.175993 0.242383
6 0.527978 0.950237 0.028881 0.033175
6 0.555054 0.947529 0.034296 0.026405
6 0.604693 0.982058 0.025271 0.025051
5 0.433213 0.587339 0.090253 0.041300
5 0.638538 0.718687 0.040614 0.061611
5 0.498195 0.335816 0.066787 0.055518
5 0.457130 0.358835 0.062274 0.039269
5 0.393502 0.353081 0.037906 0.045362
5 0.577166 0.177387 0.040614 0.028436
5 0.452166 0.215301 0.019856 0.029790
5 0.435921 0.222749 0.028881 0.020311
