0 0.468750 0.450781 0.918056 0.537500
2 0.320139 0.382812 0.351389 0.309375
4 0.320139 0.377734 0.329167 0.300781
2 0.663194 0.269141 0.301389 0.102344
4 0.660417 0.271094 0.290278 0.090625
5 0.297222 0.242188 0.025000 0.029687
5 0.371528 0.269922 0.023611 0.027344
5 0.340278 0.294922 0.022222 0.021094
5 0.310417 0.284766 0.020833 0.022656
5 0.686806 0.236328 0.037500 0.017969
5 0.683333 0.305859 0.027778 0.025781
5 0.699306 0.287500 0.020833 0.025000
5 0.660417 0.296875 0.037500 0.017188
5 0.572222 0.278516 0.022222 0.024219
5 0.560417 0.259766 0.020833 0.016406
5 0.538889 0.273438 0.025000 0.012500
5 0.667361 0.256641 0.029167 0.021094
6 0.247917 0.517578 0.193056 0.039844
6 0.299306 0.609766 0.206944 0.039844
