2 0.489853 0.557953 0.917700 0.565990
3 0.453495 0.548223 0.640924 0.478849
5 0.223506 0.394247 0.123450 0.057530
5 0.201804 0.340736 0.047351 0.053723
5 0.144870 0.398477 0.051860 0.030457
5 0.178974 0.450085 0.079481 0.034687
5 0.360203 0.436971 0.074408 0.038071
5 0.192503 0.478638 0.043405 0.036802
5 0.209696 0.534475 0.055242 0.034264
5 0.187148 0.573393 0.078918 0.021574
5 0.171928 0.605753 0.042841 0.045685
5 0.173619 0.633037 0.086809 0.048646
5 0.243799 0.646997 0.049042 0.046108
5 0.373732 0.585660 0.058625 0.055415
5 0.310034 0.616751 0.076663 0.023689
5 0.184893 0.667936 0.065389 0.043993
5 0.272830 0.740059 0.091319 0.085871
5 0.406426 0.732234 0.052988 0.054992
5 0.220688 0.818528 0.067080 0.054992
5 0.064825 0.831430 0.064262 0.032572
