0 0.498646 0.568720 0.990072 0.737982
2 0.359206 0.545362 0.424188 0.527420
2 0.760379 0.332769 0.322202 0.140149
2 0.763989 0.512187 0.150722 0.094110
4 0.481949 0.530467 0.167870 0.480027
3 0.292419 0.324306 0.247292 0.074475
4 0.765343 0.336154 0.287004 0.123900
5 0.470668 0.463778 0.035199 0.035206
5 0.641697 0.556872 0.023466 0.034529
5 0.786552 0.528097 0.026173 0.013541
5 0.763087 0.514557 0.024368 0.023020
5 0.890794 0.352742 0.025271 0.024374
5 0.812274 0.331415 0.052347 0.019634
5 0.798285 0.367637 0.020758 0.029790
5 0.704874 0.373053 0.046931 0.014895
5 0.668773 0.303995 0.023466 0.043331
5 0.672383 0.370345 0.025271 0.023020
5 0.700361 0.385240 0.048736 0.008125
5 0.716606 0.390318 0.019856 0.012864
6 0.295578 0.786730 0.309567 0.102911
