0 0.504228 0.519247 0.697294 0.705161
2 0.559752 0.520093 0.441939 0.548646
3 0.465051 0.504865 0.213078 0.506345
3 0.654171 0.525169 0.247463 0.535110
5 0.584837 0.285956 0.015220 0.027073
5 0.586528 0.313240 0.015220 0.020728
5 0.599211 0.369289 0.025930 0.023689
5 0.585964 0.352580 0.017475 0.019036
5 0.585964 0.378173 0.024239 0.024535
5 0.583991 0.398477 0.022548 0.019459
5 0.599493 0.434010 0.020857 0.025381
5 0.604566 0.482445 0.021984 0.028342
5 0.603720 0.507826 0.027057 0.021574
5 0.602875 0.524535 0.017475 0.010998
5 0.634442 0.554357 0.031003 0.024112
5 0.621477 0.600042 0.020857 0.027496
5 0.610767 0.615059 0.021984 0.029611
5 0.599775 0.598985 0.024803 0.016074
5 0.611894 0.640017 0.026494 0.024535
5 0.640361 0.678088 0.039459 0.029611
5 0.640361 0.691413 0.040586 0.022420
5 0.634160 0.713832 0.027057 0.030880
