2 0.481962 0.652707 0.957159 0.586294
3 0.677283 0.472927 0.511274 0.145516
3 0.516629 0.622462 0.850620 0.167090
5 0.497182 0.434010 0.020293 0.029611
5 0.541995 0.414975 0.032131 0.018613
5 0.631060 0.457064 0.071590 0.015651
5 0.717869 0.436971 0.053551 0.029611
5 0.733089 0.579103 0.044532 0.036379
5 0.691375 0.602580 0.051297 0.021574
5 0.640924 0.592851 0.060879 0.019036
5 0.620349 0.566413 0.024239 0.046531
5 0.587655 0.570431 0.042277 0.040186
5 0.568489 0.580795 0.046787 0.016920
5 0.571590 0.600465 0.050733 0.030034
5 0.503382 0.583545 0.046223 0.017343
5 0.441939 0.565355 0.031567 0.037648
5 0.472379 0.657360 0.021421 0.054992
5 0.554961 0.637056 0.019729 0.030457
5 0.412345 0.603638 0.087373 0.034687
5 0.377114 0.582487 0.033822 0.029611
5 0.399662 0.578680 0.015784 0.027073
5 0.337655 0.567682 0.056370 0.038071
5 0.339910 0.595601 0.051860 0.019459
5 0.306652 0.572970 0.033822 0.043570
5 0.319617 0.669416 0.019166 0.052030
5 0.283258 0.573816 0.017475 0.038494
5 0.261274 0.590736 0.042277 0.045262
5 0.216742 0.597081 0.033258 0.031726
5 0.182638 0.606176 0.059752 0.029611
5 0.171364 0.634941 0.024803 0.018613
5 0.177001 0.572758 0.024803 0.029611
5 0.204622 0.567893 0.031567 0.028342
5 0.120631 0.570854 0.033822 0.040186
5 0.108230 0.592851 0.039459 0.067259
5 0.138106 0.596235 0.024803 0.014805
