0 0.454874 0.509817 0.703971 0.530806
2 0.643953 0.327691 0.221119 0.104265
2 0.389892 0.478334 0.268953 0.354096
3 0.472473 0.474611 0.082130 0.360190
3 0.385379 0.410968 0.250903 0.060934
3 0.637635 0.331754 0.201264 0.092079
5 0.678700 0.343263 0.030686 0.017603
5 0.675993 0.361544 0.019856 0.012187
5 0.680957 0.373731 0.029783 0.008125
5 0.607401 0.315166 0.005415 0.019634
5 0.605144 0.337847 0.009928 0.024374
5 0.582130 0.350034 0.009025 0.024374
5 0.651625 0.346310 0.014440 0.011510
5 0.621390 0.346987 0.004513 0.015572
5 0.629964 0.348341 0.007220 0.011510
5 0.645758 0.360867 0.009928 0.010833
5 0.637635 0.357143 0.009928 0.014218
5 0.318592 0.389980 0.019856 0.013541
5 0.333935 0.396750 0.016245 0.009479
5 0.360108 0.399458 0.018051 0.009479
5 0.298736 0.400812 0.016245 0.010833
5 0.274819 0.411307 0.015343 0.012864
5 0.295126 0.411645 0.019856 0.009479
5 0.318141 0.411984 0.022563 0.018280
5 0.304603 0.428571 0.022563 0.018957
5 0.283845 0.425186 0.011733 0.016249
6 0.411101 0.641842 0.013538 0.005416
6 0.338899 0.640826 0.017148 0.007448
6 0.421029 0.624915 0.055054 0.018957
6 0.280686 0.615775 0.059567 0.046716
