0 0.491426 0.538253 0.970217 0.912661
2 0.522563 0.657752 0.750903 0.623561
4 0.521209 0.692959 0.674188 0.459716
5 0.354693 0.349018 0.055957 0.050779
5 0.591155 0.408260 0.032491 0.074475
5 0.683213 0.370345 0.034296 0.036561
5 0.722022 0.414015 0.115523 0.049425
5 0.815433 0.497969 0.083935 0.068382
5 0.819495 0.534529 0.093863 0.058903
5 0.785650 0.583615 0.076715 0.074475
5 0.829874 0.594787 0.092960 0.045362
5 0.591155 0.557549 0.075812 0.069736
5 0.801895 0.695667 0.031588 0.071090
5 0.736011 0.714286 0.056859 0.067705
5 0.679152 0.711239 0.087545 0.057549
5 0.698556 0.631686 0.072202 0.031144
5 0.583935 0.624915 0.059567 0.035206
5 0.573105 0.696344 0.054152 0.073798
5 0.606498 0.732227 0.070397 0.046716
5 0.674639 0.785714 0.085740 0.029113
5 0.681408 0.811104 0.095668 0.047393
5 0.718412 0.840894 0.068592 0.048747
5 0.685018 0.890995 0.072202 0.048747
5 0.443141 0.836493 0.064982 0.048070
5 0.402527 0.864590 0.037906 0.037915
5 0.527978 0.729858 0.057762 0.040623
5 0.469765 0.736967 0.069495 0.027759
5 0.431859 0.725457 0.017148 0.052133
5 0.438628 0.637441 0.092058 0.038592
5 0.417419 0.667569 0.056859 0.035206
5 0.419675 0.586324 0.059567 0.066351
5 0.221570 0.564997 0.065884 0.042654
5 0.305054 0.613067 0.075812 0.035884
5 0.345668 0.643534 0.048736 0.029113
5 0.260830 0.627624 0.055957 0.031144
5 0.235560 0.652674 0.104693 0.029790
5 0.281137 0.676710 0.060469 0.026405
5 0.300993 0.694990 0.047834 0.042654
5 0.333032 0.706500 0.074007 0.057549
5 0.254964 0.710562 0.040614 0.050779
5 0.365975 0.736290 0.049639 0.026405
5 0.420126 0.790115 0.069495 0.052810
5 0.284296 0.803656 0.072202 0.062288
5 0.268502 0.783345 0.067690 0.060934
5 0.325361 0.821598 0.037004 0.052133
5 0.300993 0.874746 0.037004 0.058226
5 0.363718 0.914015 0.027076 0.066351
