0 0.505866 0.528097 0.733755 0.613406
2 0.422383 0.503724 0.332130 0.438727
3 0.415614 0.324645 0.318592 0.062965
3 0.523917 0.501693 0.083935 0.404875
6 0.528430 0.709546 0.022563 0.013541
1 0.379964 0.687542 0.135379 0.019634
6 0.391697 0.693297 0.099278 0.050102
6 0.462094 0.667231 0.036101 0.012864
6 0.276625 0.707515 0.013538 0.008125
2 0.713899 0.326676 0.238267 0.099526
3 0.679152 0.325322 0.163357 0.087339
2 0.706679 0.445498 0.231047 0.097495
5 0.680957 0.355450 0.009928 0.017603
5 0.691336 0.356804 0.014440 0.016249
5 0.720668 0.354435 0.024368 0.012864
5 0.612365 0.298917 0.013538 0.019634
5 0.612365 0.325999 0.011733 0.023697
5 0.379513 0.306364 0.011733 0.014218
5 0.398466 0.307380 0.015343 0.013541
