0 0.587838 0.490602 0.824324 0.977444
2 0.582770 0.482143 0.516892 0.840226
3 0.652027 0.488722 0.331081 0.740602
5 0.805743 0.147556 0.097973 0.046992
5 0.697635 0.212406 0.064189 0.093985
5 0.777027 0.243421 0.081081 0.062030
5 0.673986 0.296992 0.070946 0.067669
5 0.728041 0.298872 0.077703 0.071429
5 0.744932 0.360902 0.057432 0.060150
5 0.675676 0.359023 0.067568 0.067669
5 0.582770 0.410714 0.118243 0.062030
5 0.584459 0.495301 0.094595 0.058271
5 0.619932 0.459586 0.050676 0.043233
5 0.596284 0.558271 0.077703 0.063910
5 0.572635 0.596805 0.070946 0.039474
5 0.706081 0.560150 0.087838 0.052632
5 0.668919 0.604323 0.087838 0.035714
5 0.552365 0.667293 0.077703 0.033835
5 0.545608 0.717105 0.077703 0.028195
5 0.520270 0.740602 0.087838 0.037594
5 0.515203 0.791353 0.084459 0.045113
6 0.559122 0.872180 0.023649 0.022556
6 0.543919 0.888158 0.020270 0.020677
6 0.603041 0.916353 0.030405 0.028195
6 0.491554 0.836466 0.050676 0.037594
