0 0.467337 0.425837 0.921273 0.755981
2 0.481575 0.546651 0.711893 0.772727
4 0.461474 0.606459 0.624791 0.686603
5 0.600503 0.327751 0.028476 0.047847
5 0.453936 0.464115 0.036851 0.043062
5 0.280570 0.253589 0.025126 0.023923
5 0.776382 0.476077 0.031826 0.047847
5 0.709380 0.489234 0.041876 0.040670
5 0.201843 0.370813 0.038526 0.033493
5 0.206868 0.316986 0.021776 0.031100
5 0.192630 0.214115 0.016750 0.064593
5 0.151591 0.340909 0.038526 0.021531
5 0.304020 0.143541 0.035176 0.038278
5 0.520101 0.321770 0.015075 0.050239
5 0.508375 0.306220 0.015075 0.057416
5 0.511725 0.223684 0.028476 0.021531
5 0.693467 0.138756 0.023451 0.019139
5 0.678392 0.199761 0.016750 0.016746
5 0.259631 0.162679 0.033501 0.019139
5 0.146566 0.188995 0.031826 0.019139
5 0.159129 0.246411 0.036851 0.023923
5 0.146566 0.294258 0.025126 0.033493
