0 0.503610 0.390538 0.992780 0.632653
2 0.557762 0.476809 0.884477 0.382189
3 0.510830 0.491651 0.675090 0.293135
5 0.680505 0.356215 0.090253 0.048237
5 0.763538 0.394249 0.119134 0.020408
5 0.761733 0.409091 0.108303 0.016698
5 0.615523 0.393321 0.090253 0.040816
5 0.781588 0.479592 0.097473 0.046382
5 0.738267 0.487941 0.097473 0.040816
5 0.777978 0.548237 0.140794 0.035250
5 0.783394 0.576067 0.137184 0.042672
5 0.584838 0.461967 0.072202 0.092764
5 0.202166 0.390538 0.064982 0.031540
5 0.276173 0.402597 0.104693 0.022263
5 0.265343 0.424861 0.111913 0.033395
5 0.337545 0.445269 0.097473 0.033395
5 0.377256 0.463822 0.068592 0.048237
5 0.283394 0.487013 0.104693 0.042672
5 0.194946 0.448980 0.072202 0.044527
5 0.203971 0.538961 0.083032 0.079777
5 0.332130 0.566790 0.122744 0.061224
5 0.164260 0.626160 0.075812 0.079777
5 0.299639 0.596475 0.122744 0.035250
