0 0.501742 0.520934 0.996516 0.797101
2 0.350174 0.487118 0.428571 0.584541
4 0.444251 0.490338 0.233449 0.552335
2 0.790941 0.453301 0.418118 0.542673
4 0.790941 0.445250 0.369338 0.491143
5 0.839721 0.429147 0.048780 0.040258
5 0.925087 0.345411 0.059233 0.033816
5 0.831010 0.265700 0.045296 0.035427
5 0.733449 0.319646 0.038328 0.033816
5 0.761324 0.234300 0.059233 0.024155
5 0.965157 0.483897 0.062718 0.020934
6 0.283972 0.700483 0.128920 0.051530
6 0.372822 0.744767 0.167247 0.114332
1 0.308362 0.776167 0.108014 0.016103
