0 0.915110 0.391107 0.166384 0.270417
0 0.860781 0.675136 0.193548 0.239564
0 0.776740 0.418330 0.083192 0.212341
0 0.410017 0.364791 0.174873 0.406534
0 0.250424 0.348457 0.123939 0.370236
0 0.090832 0.348457 0.137521 0.388385
0 0.244482 0.732305 0.152801 0.226860
0 0.393039 0.709619 0.147708 0.246824
2 0.384550 0.054446 0.174873 0.105263
4 0.386248 0.089837 0.157895 0.176044
2 0.161290 0.117967 0.285229 0.098004
4 0.162988 0.118875 0.261460 0.085299
4 0.408319 0.364791 0.120543 0.330309
2 0.407470 0.372958 0.139219 0.361162
2 0.246180 0.357532 0.081494 0.330309
2 0.088285 0.354809 0.105263 0.343013
4 0.088285 0.355717 0.091681 0.333938
4 0.252122 0.362069 0.096774 0.328494
4 0.254669 0.575318 0.421053 0.087114
2 0.251273 0.581670 0.448217 0.099819
2 0.233447 0.741379 0.086587 0.215971
4 0.235144 0.740472 0.076401 0.188748
2 0.610357 0.744102 0.361630 0.319419
4 0.606112 0.732305 0.346350 0.281307
