0 0.459016 0.546382 0.911475 0.695733
2 0.483607 0.540816 0.567213 0.525046
3 0.450820 0.499072 0.127869 0.430427
3 0.644262 0.517625 0.259016 0.471243
5 0.545902 0.321892 0.049180 0.016698
5 0.560656 0.297774 0.026230 0.024119
5 0.568852 0.372913 0.042623 0.037106
5 0.603279 0.385900 0.065574 0.018553
5 0.611475 0.416512 0.062295 0.031540
5 0.563934 0.449907 0.059016 0.035250
5 0.577049 0.465677 0.039344 0.037106
5 0.575410 0.503711 0.075410 0.027829
5 0.631148 0.582560 0.049180 0.051948
5 0.588525 0.590909 0.055738 0.061224
5 0.634426 0.641929 0.042623 0.063080
5 0.681967 0.647495 0.072131 0.051948
