0 0.501805 0.410019 0.996390 0.656772
2 0.548736 0.473098 0.902527 0.397032
3 0.507220 0.501855 0.667870 0.320965
5 0.684116 0.356215 0.090253 0.044527
5 0.758123 0.391466 0.108303 0.022263
5 0.763538 0.409091 0.097473 0.012987
5 0.620939 0.392393 0.093863 0.042672
5 0.779783 0.480519 0.101083 0.040816
5 0.716606 0.505566 0.090253 0.057514
5 0.772563 0.546382 0.144404 0.027829
5 0.781588 0.577922 0.111913 0.035250
5 0.586643 0.451763 0.061372 0.079777
5 0.198556 0.388683 0.050542 0.031540
5 0.272563 0.398887 0.111913 0.025974
5 0.259928 0.424861 0.122744 0.033395
5 0.344765 0.443414 0.083032 0.037106
5 0.366426 0.474026 0.083032 0.068646
5 0.205776 0.544527 0.086643 0.083488
5 0.332130 0.566790 0.122744 0.061224
5 0.164260 0.626160 0.083032 0.079777
