0 0.452459 0.552876 0.898361 0.690167
2 0.518033 0.538961 0.596721 0.554731
3 0.373770 0.537106 0.281967 0.536178
3 0.654098 0.539889 0.272131 0.534323
5 0.542623 0.321892 0.049180 0.020408
5 0.557377 0.297774 0.019672 0.027829
5 0.562295 0.374768 0.036066 0.040816
5 0.601639 0.384972 0.062295 0.016698
5 0.600000 0.415584 0.052459 0.025974
5 0.563934 0.449907 0.059016 0.042672
5 0.572131 0.504638 0.062295 0.037106
5 0.631148 0.583488 0.036066 0.053803
5 0.581967 0.592764 0.062295 0.064935
5 0.681967 0.649351 0.085246 0.055659
5 0.618033 0.672542 0.055738 0.072356
