0 0.465944 0.522406 0.826625 0.955189
2 0.503096 0.529481 0.566563 0.799528
3 0.373065 0.510613 0.263158 0.686321
3 0.626935 0.528302 0.195046 0.679245
5 0.575851 0.257075 0.074303 0.066038
5 0.636223 0.272406 0.065015 0.035377
5 0.626935 0.310142 0.071207 0.044811
5 0.586687 0.360849 0.083591 0.056604
5 0.572755 0.430425 0.086687 0.068396
5 0.651703 0.442217 0.077399 0.040094
5 0.585139 0.474057 0.080495 0.056604
5 0.578947 0.533019 0.080495 0.070755
5 0.597523 0.568396 0.092879 0.080189
5 0.574303 0.625000 0.083591 0.066038
5 0.597523 0.650943 0.074303 0.075472
5 0.623839 0.656840 0.071207 0.054245
5 0.583591 0.739387 0.077399 0.096698
5 0.594427 0.792453 0.043344 0.051887
5 0.582043 0.833726 0.105263 0.068396
6 0.560372 0.900943 0.043344 0.028302
