0 0.503610 0.436019 0.985560 0.691943
2 0.503610 0.463270 0.740072 0.528436
3 0.478339 0.552133 0.588448 0.364929
5 0.590253 0.458531 0.104693 0.040284
5 0.714801 0.463270 0.093863 0.045024
5 0.590253 0.496445 0.104693 0.040284
5 0.583032 0.421801 0.090253 0.037915
5 0.664260 0.420616 0.101083 0.035545
5 0.682310 0.619668 0.086643 0.054502
5 0.722022 0.655213 0.072202 0.030806
5 0.667870 0.667062 0.079422 0.068720
5 0.223827 0.436019 0.057762 0.037915
5 0.283394 0.422986 0.090253 0.045024
5 0.290614 0.441943 0.061372 0.045024
5 0.346570 0.521327 0.064982 0.037915
5 0.268953 0.548578 0.075812 0.030806
5 0.375451 0.440758 0.072202 0.037915
