0 0.474868 0.310726 0.738095 0.444795
2 0.519841 0.585962 0.468254 0.828076
4 0.526455 0.631703 0.423280 0.736593
5 0.335979 0.229495 0.047619 0.036278
5 0.301587 0.274448 0.042328 0.063091
5 0.339947 0.276814 0.050265 0.058360
5 0.408730 0.345426 0.039683 0.028391
5 0.558201 0.472397 0.063492 0.045741
5 0.283069 0.582808 0.042328 0.055205
5 0.387566 0.571767 0.034392 0.033123
5 0.564815 0.574132 0.023810 0.069401
5 0.511905 0.512618 0.039683 0.041009
5 0.478836 0.520505 0.047619 0.047319
5 0.605820 0.353312 0.052910 0.025237
