0 0.458841 0.426966 0.911585 0.850187
2 0.445122 0.400749 0.737805 0.707865
3 0.486280 0.482210 0.594512 0.492509
3 0.231707 0.137640 0.231707 0.151685
5 0.239329 0.114232 0.027439 0.022472
5 0.266768 0.111423 0.027439 0.028090
5 0.297256 0.112360 0.027439 0.026217
5 0.324695 0.117978 0.027439 0.037453
5 0.300305 0.132022 0.027439 0.028090
5 0.269817 0.334270 0.051829 0.058052
5 0.347561 0.343633 0.042683 0.031835
5 0.445122 0.316479 0.048780 0.041199
5 0.355183 0.465356 0.045732 0.058052
5 0.327744 0.448502 0.045732 0.054307
5 0.185976 0.496255 0.079268 0.048689
5 0.173780 0.528090 0.079268 0.037453
5 0.361280 0.647940 0.057927 0.067416
5 0.469512 0.569288 0.036585 0.029963
5 0.309451 0.615169 0.045732 0.039326
