0 0.459016 0.523191 0.878689 0.712430
2 0.514754 0.538033 0.583607 0.556586
3 0.391803 0.487013 0.265574 0.421150
3 0.627869 0.502783 0.239344 0.445269
5 0.544262 0.322820 0.059016 0.025974
5 0.559016 0.373840 0.049180 0.038961
5 0.603279 0.384045 0.072131 0.018553
5 0.603279 0.414657 0.059016 0.031540
5 0.567213 0.448052 0.065574 0.035250
5 0.572131 0.466605 0.062295 0.035250
5 0.575410 0.505566 0.062295 0.031540
5 0.590164 0.589054 0.052459 0.050093
5 0.636066 0.584416 0.052459 0.055659
5 0.681967 0.643785 0.078689 0.051948
5 0.636066 0.643785 0.045902 0.063080
5 0.618033 0.668831 0.055738 0.068646
6 0.559016 0.798701 0.160656 0.020408
