0 0.464174 0.469524 0.922118 0.935238
2 0.425234 0.501905 0.844237 0.786667
3 0.267913 0.216190 0.504673 0.188571
3 0.412773 0.463810 0.757009 0.154286
3 0.448598 0.601905 0.722741 0.156190
4 0.464174 0.774286 0.710280 0.211429
4 0.093458 0.871429 0.180685 0.257143
5 0.411215 0.240000 0.087227 0.080000
5 0.197819 0.247619 0.040498 0.083810
5 0.151090 0.240952 0.046729 0.078095
5 0.190031 0.180952 0.056075 0.038095
5 0.277259 0.534286 0.031153 0.047619
5 0.478193 0.523810 0.040498 0.034286
5 0.434579 0.510476 0.034268 0.038095
5 0.457944 0.610476 0.087227 0.028571
5 0.647975 0.662857 0.043614 0.053333
5 0.551402 0.627619 0.049844 0.032381
5 0.309969 0.719048 0.040498 0.040000
5 0.292835 0.848571 0.043614 0.070476
5 0.299065 0.649524 0.031153 0.019048
5 0.757009 0.592381 0.062305 0.045714
