0 0.461643 0.463439 0.872744 0.769804
2 0.453069 0.497630 0.628159 0.591740
4 0.468412 0.609005 0.608303 0.771158
4 0.835289 0.841571 0.120036 0.127285
5 0.665162 0.697360 0.093863 0.047393
5 0.629061 0.732566 0.119134 0.046039
5 0.740523 0.447190 0.064079 0.046716
5 0.656137 0.356127 0.063177 0.056872
5 0.383123 0.547732 0.087545 0.037915
5 0.468863 0.646581 0.065884 0.048747
5 0.475632 0.684496 0.104693 0.035206
5 0.515343 0.725457 0.102888 0.044008
5 0.478339 0.810765 0.081227 0.052133
5 0.561372 0.760325 0.101083 0.027082
5 0.419675 0.780975 0.061372 0.031821
5 0.388989 0.680772 0.075812 0.033175
5 0.648466 0.493568 0.098375 0.032498
5 0.722022 0.517942 0.074007 0.039269
