0 0.486462 0.505755 0.956679 0.941097
2 0.481498 0.611713 0.856498 0.695328
4 0.485560 0.652336 0.783394 0.588355
5 0.341606 0.450914 0.069495 0.032498
5 0.188177 0.498307 0.069495 0.070413
5 0.374549 0.404536 0.064982 0.022343
5 0.331679 0.421462 0.067690 0.034529
5 0.220217 0.437035 0.057762 0.038592
5 0.260830 0.441774 0.059567 0.042654
5 0.283394 0.482058 0.057762 0.050102
5 0.292419 0.548747 0.083032 0.034529
5 0.217509 0.542654 0.075812 0.052133
5 0.185469 0.582261 0.049639 0.037915
5 0.390794 0.557549 0.072202 0.035884
5 0.272112 0.596479 0.040614 0.051456
5 0.400271 0.618483 0.047834 0.039946
5 0.319043 0.607312 0.047834 0.047393
5 0.252708 0.658429 0.108303 0.058903
5 0.154783 0.670955 0.060469 0.044685
5 0.513087 0.682126 0.092960 0.065674
5 0.704422 0.654367 0.172383 0.085985
5 0.642148 0.733582 0.098375 0.067028
