2 0.512773 0.606316 0.681796 0.787368
3 0.542907 0.645337 0.572421 0.697421
5 0.720610 0.779101 0.169395 0.165344
5 0.488095 0.821098 0.095238 0.227513
5 0.402282 0.693452 0.111607 0.228836
5 0.450273 0.360119 0.168403 0.115741
5 0.733507 0.575066 0.058780 0.082672
5 0.699901 0.475198 0.047619 0.111772
5 0.661706 0.421462 0.065972 0.040013
5 0.611607 0.669478 0.087798 0.161045
5 0.560888 0.618552 0.030010 0.061839
5 0.460689 0.615741 0.069196 0.086640
5 0.300595 0.612930 0.064980 0.092262
5 0.205977 0.504134 0.084573 0.094907
5 0.295387 0.402282 0.052579 0.174934
6 0.622892 0.202381 0.044395 0.037037
6 0.592386 0.183697 0.031002 0.041336
6 0.544891 0.223710 0.037202 0.036045
6 0.747520 0.485615 0.039187 0.055225
6 0.685516 0.538525 0.028770 0.045304
6 0.708209 0.583333 0.031002 0.049603
6 0.659598 0.925761 0.029018 0.051257
6 0.693204 0.971230 0.036210 0.056217
