2 0.440972 0.658069 0.482143 0.683862
3 0.432788 0.644676 0.410218 0.439484
5 0.285714 0.487434 0.041667 0.117063
5 0.251736 0.482804 0.061508 0.055556
5 0.215650 0.552083 0.064732 0.092923
5 0.409846 0.580522 0.138641 0.091601
5 0.352927 0.743221 0.069940 0.140542
5 0.405878 0.787368 0.055308 0.138228
5 0.547867 0.816634 0.087798 0.133929
5 0.515749 0.646991 0.056300 0.041336
5 0.602307 0.614583 0.050347 0.063161
5 0.488343 0.632440 0.041171 0.046627
5 0.592138 0.545304 0.058284 0.099206
6 0.602307 0.057705 0.023562 0.047950
6 0.618304 0.150794 0.035218 0.046958
6 0.642113 0.446925 0.037202 0.046627
6 0.631200 0.576554 0.023810 0.043981
