0 0.515997 0.562831 0.913442 0.694444
2 0.635541 0.428737 0.728919 0.735119
4 0.679936 0.393022 0.640129 0.506944
5 0.298611 0.362269 0.037698 0.042659
5 0.361483 0.309854 0.025050 0.072751
5 0.357515 0.366071 0.038938 0.053571
5 0.385169 0.368386 0.029762 0.070767
5 0.404886 0.315311 0.047867 0.050595
5 0.463294 0.302745 0.031250 0.042659
5 0.449529 0.344907 0.046379 0.041667
5 0.481399 0.366898 0.048611 0.036706
5 0.515253 0.334325 0.047867 0.035053
5 0.512773 0.376488 0.041419 0.048611
5 0.581969 0.464286 0.060268 0.056217
5 0.551711 0.478505 0.055804 0.043651
5 0.597222 0.529266 0.036706 0.070437
5 0.632564 0.524306 0.037450 0.096230
5 0.669023 0.468585 0.054315 0.039021
5 0.703497 0.585317 0.037450 0.066138
5 0.729167 0.627149 0.059524 0.048611
5 0.824033 0.553902 0.048363 0.074735
5 0.779762 0.427579 0.031250 0.069444
5 0.879464 0.565642 0.058036 0.049272
5 0.864211 0.538360 0.036954 0.044974
5 0.887773 0.351025 0.073661 0.030754
5 0.569816 0.663856 0.038442 0.053241
