0 0.443080 0.480655 0.875248 0.954696
2 0.552827 0.609788 0.443452 0.595238
4 0.636161 0.626488 0.235615 0.480489
2 0.887277 0.733631 0.225446 0.377976
4 0.889013 0.727017 0.214534 0.343585
5 0.624504 0.366402 0.099206 0.049603
5 0.754960 0.423446 0.037698 0.075066
5 0.794147 0.322917 0.032738 0.114087
5 0.791171 0.252149 0.037698 0.073743
5 0.729415 0.508433 0.086806 0.073743
5 0.583457 0.403108 0.050843 0.049603
5 0.620908 0.402116 0.034474 0.059524
5 0.621404 0.437169 0.081597 0.054233
5 0.688740 0.447586 0.045139 0.053902
5 0.593006 0.480324 0.062996 0.062500
5 0.702629 0.696759 0.038690 0.097222
5 0.713294 0.654762 0.034226 0.083333
5 0.684028 0.709491 0.044643 0.086310
5 0.666047 0.646825 0.052331 0.044974
5 0.653026 0.796792 0.057044 0.080357
5 0.598710 0.796792 0.057540 0.084987
5 0.545635 0.693618 0.059524 0.066468
5 0.629960 0.691138 0.050595 0.087302
5 0.588666 0.680721 0.031002 0.090278
5 0.620412 0.653604 0.040427 0.050595
5 0.566716 0.776620 0.053075 0.084987
5 0.485739 0.742725 0.031994 0.050926
5 0.440600 0.798446 0.066716 0.069775
5 0.405382 0.713294 0.060268 0.048280
5 0.376364 0.761905 0.032490 0.058201
